WARNING: All log messages before absl::InitializeLog() is called are written to STDERR
I0000 00:00:1781445219.180417 1453409 port.cc:153] oneDNN custom operations are on. You may see slightly different numerical results due to floating-point round-off errors from different computation orders. To turn them off, set the environment variable `TF_ENABLE_ONEDNN_OPTS=0`.
I0000 00:00:1781445219.219339 1453409 cpu_feature_guard.cc:227] This TensorFlow binary is optimized to use available CPU instructions in performance-critical operations.
To enable the following instructions: AVX2 AVX512F AVX512_VNNI AVX512_BF16 FMA, in other operations, rebuild TensorFlow with the appropriate compiler flags.
WARNING: All log messages before absl::InitializeLog() is called are written to STDERR
I0000 00:00:1781445220.201135 1453409 port.cc:153] oneDNN custom operations are on. You may see slightly different numerical results due to floating-point round-off errors from different computation orders. To turn them off, set the environment variable `TF_ENABLE_ONEDNN_OPTS=0`.

FrameworkSingle DuelFinished 420 Problem since line 3
Last lines before problem: 
1 > 
2 > input_data = torch.randn(512, 512)
3 > result = torch.tan(torch.matmul(input_data, input_data.t()))
VarInconsistentCatch 
diff:['result', 'PassLogTorchIntermediateTempVar4_result']
CPU:
{   'PassFlattenCallTempVar1': tensor([[-0.0070,  0.3884, -0.1463,  ..., -0.9849,  0.4967, -2.1303],
        [ 0.5044,  0.2605,  0.2208,  ..., -0.0894,  0.6973,  0.3014],
        [ 0.6704, -0.5931,  0.4942,  ...,  1.1542,  0.3621, -0.3138],
        ...,
        [ 2.5257, -0.3853, -0.4004,  ...,  0.4538,  0.7714,  0.9404],
        [ 0.5339,  1.1461,  0.5848,  ...,  0.0160,  1.9993,  0.7625],
        [-1.4125,  0.4701, -0.6690,  ...,  0.3405, -1.3489, -0.3364]]),
    'PassFlattenCallTempVar2': tensor([[535.8428, -36.4296, -17.2028,  ...,   1.4117,  -5.0949, -26.8993],
        [-36.4296, 473.2007, -23.0320,  ...,  43.4515, -21.8586, -24.1710],
        [-17.2028, -23.0320, 557.1420,  ...,  16.9213,  30.7465,  31.1589],
        ...,
        [  1.4117,  43.4515,  16.9213,  ..., 502.0239,   0.8033,  32.5705],
        [ -5.0949, -21.8586,  30.7465,  ...,   0.8033, 550.4694, -10.5213],
        [-26.8993, -24.1710,  31.1589,  ...,  32.5705, -10.5213, 478.5546]]),
    'PassLogTorchIntermediateTempVar1_input_data': tensor([[-0.0070,  0.5044,  0.6704,  ...,  2.5257,  0.5339, -1.4125],
        [ 0.3884,  0.2605, -0.5931,  ..., -0.3853,  1.1461,  0.4701],
        [-0.1463,  0.2208,  0.4942,  ..., -0.4004,  0.5848, -0.6690],
        ...,
        [-0.9849, -0.0894,  1.1542,  ...,  0.4538,  0.0160,  0.3405],
        [ 0.4967,  0.6973,  0.3621,  ...,  0.7714,  1.9993, -1.3489],
        [-2.1303,  0.3014, -0.3138,  ...,  0.9404,  0.7625, -0.3364]]),
    'PassLogTorchIntermediateTempVar2_PassFlattenCallTempVar1': tensor([[-0.0070,  0.3884, -0.1463,  ..., -0.9849,  0.4967, -2.1303],
        [ 0.5044,  0.2605,  0.2208,  ..., -0.0894,  0.6973,  0.3014],
        [ 0.6704, -0.5931,  0.4942,  ...,  1.1542,  0.3621, -0.3138],
        ...,
        [ 2.5257, -0.3853, -0.4004,  ...,  0.4538,  0.7714,  0.9404],
        [ 0.5339,  1.1461,  0.5848,  ...,  0.0160,  1.9993,  0.7625],
        [-1.4125,  0.4701, -0.6690,  ...,  0.3405, -1.3489, -0.3364]]),
    'PassLogTorchIntermediateTempVar3_PassFlattenCallTempVar2': tensor([[535.8428, -36.4296, -17.2028,  ...,   1.4117,  -5.0949, -26.8993],
        [-36.4296, 473.2007, -23.0320,  ...,  43.4515, -21.8586, -24.1710],
        [-17.2028, -23.0320, 557.1420,  ...,  16.9213,  30.7465,  31.1589],
        ...,
        [  1.4117,  43.4515,  16.9213,  ..., 502.0239,   0.8033,  32.5705],
        [ -5.0949, -21.8586,  30.7465,  ...,   0.8033, 550.4694, -10.5213],
        [-26.8993, -24.1710,  31.1589,  ...,  32.5705, -10.5213, 478.5546]]),
    'PassLogTorchIntermediateTempVar4_result': tensor([[ -4.9008,   3.2185, -13.1384,  ...,   6.2305,   2.4858,   5.0433],
        [  3.2185,  -2.4257,  -1.7071,  ...,  -0.5870,   0.1333,   1.4337],
        [-13.1384,  -1.7071,   1.8715,  ...,   2.6775,  -0.7914,  -0.2629],
        ...,
        [  6.2305,  -0.5870,   2.6775,  ...,  -0.7306,   1.0365,   2.2622],
        [  2.4858,   0.1333,  -0.7914,  ...,   1.0365,   0.8265,  -1.9478],
        [  5.0433,   1.4337,  -0.2629,  ...,   2.2622,  -1.9478,   1.6749]]),
    'input_data': tensor([[-0.0070,  0.5044,  0.6704,  ...,  2.5257,  0.5339, -1.4125],
        [ 0.3884,  0.2605, -0.5931,  ..., -0.3853,  1.1461,  0.4701],
        [-0.1463,  0.2208,  0.4942,  ..., -0.4004,  0.5848, -0.6690],
        ...,
        [-0.9849, -0.0894,  1.1542,  ...,  0.4538,  0.0160,  0.3405],
        [ 0.4967,  0.6973,  0.3621,  ...,  0.7714,  1.9993, -1.3489],
        [-2.1303,  0.3014, -0.3138,  ...,  0.9404,  0.7625, -0.3364]]),
    'result': tensor([[ -4.9008,   3.2185, -13.1384,  ...,   6.2305,   2.4858,   5.0433],
        [  3.2185,  -2.4257,  -1.7071,  ...,  -0.5870,   0.1333,   1.4337],
        [-13.1384,  -1.7071,   1.8715,  ...,   2.6775,  -0.7914,  -0.2629],
        ...,
        [  6.2305,  -0.5870,   2.6775,  ...,  -0.7306,   1.0365,   2.2622],
        [  2.4858,   0.1333,  -0.7914,  ...,   1.0365,   0.8265,  -1.9478],
        [  5.0433,   1.4337,  -0.2629,  ...,   2.2622,  -1.9478,   1.6749]])}
GPU:
{   'PassFlattenCallTempVar1': tensor([[-0.0070,  0.3884, -0.1463,  ..., -0.9849,  0.4967, -2.1303],
        [ 0.5044,  0.2605,  0.2208,  ..., -0.0894,  0.6973,  0.3014],
        [ 0.6704, -0.5931,  0.4942,  ...,  1.1542,  0.3621, -0.3138],
        ...,
        [ 2.5257, -0.3853, -0.4004,  ...,  0.4538,  0.7714,  0.9404],
        [ 0.5339,  1.1461,  0.5848,  ...,  0.0160,  1.9993,  0.7625],
        [-1.4125,  0.4701, -0.6690,  ...,  0.3405, -1.3489, -0.3364]],
       device='cuda:0'),
    'PassFlattenCallTempVar2': tensor([[535.8429, -36.4296, -17.2028,  ...,   1.4117,  -5.0949, -26.8993],
        [-36.4296, 473.2007, -23.0320,  ...,  43.4515, -21.8586, -24.1710],
        [-17.2028, -23.0320, 557.1421,  ...,  16.9213,  30.7465,  31.1589],
        ...,
        [  1.4117,  43.4515,  16.9213,  ..., 502.0238,   0.8033,  32.5705],
        [ -5.0949, -21.8586,  30.7465,  ...,   0.8033, 550.4694, -10.5213],
        [-26.8993, -24.1710,  31.1589,  ...,  32.5705, -10.5213, 478.5547]],
       device='cuda:0'),
    'PassLogTorchIntermediateTempVar1_input_data': tensor([[-0.0070,  0.5044,  0.6704,  ...,  2.5257,  0.5339, -1.4125],
        [ 0.3884,  0.2605, -0.5931,  ..., -0.3853,  1.1461,  0.4701],
        [-0.1463,  0.2208,  0.4942,  ..., -0.4004,  0.5848, -0.6690],
        ...,
        [-0.9849, -0.0894,  1.1542,  ...,  0.4538,  0.0160,  0.3405],
        [ 0.4967,  0.6973,  0.3621,  ...,  0.7714,  1.9993, -1.3489],
        [-2.1303,  0.3014, -0.3138,  ...,  0.9404,  0.7625, -0.3364]],
       device='cuda:0'),
    'PassLogTorchIntermediateTempVar2_PassFlattenCallTempVar1': tensor([[-0.0070,  0.3884, -0.1463,  ..., -0.9849,  0.4967, -2.1303],
        [ 0.5044,  0.2605,  0.2208,  ..., -0.0894,  0.6973,  0.3014],
        [ 0.6704, -0.5931,  0.4942,  ...,  1.1542,  0.3621, -0.3138],
        ...,
        [ 2.5257, -0.3853, -0.4004,  ...,  0.4538,  0.7714,  0.9404],
        [ 0.5339,  1.1461,  0.5848,  ...,  0.0160,  1.9993,  0.7625],
        [-1.4125,  0.4701, -0.6690,  ...,  0.3405, -1.3489, -0.3364]],
       device='cuda:0'),
    'PassLogTorchIntermediateTempVar3_PassFlattenCallTempVar2': tensor([[535.8429, -36.4296, -17.2028,  ...,   1.4117,  -5.0949, -26.8993],
        [-36.4296, 473.2007, -23.0320,  ...,  43.4515, -21.8586, -24.1710],
        [-17.2028, -23.0320, 557.1421,  ...,  16.9213,  30.7465,  31.1589],
        ...,
        [  1.4117,  43.4515,  16.9213,  ..., 502.0238,   0.8033,  32.5705],
        [ -5.0949, -21.8586,  30.7465,  ...,   0.8033, 550.4694, -10.5213],
        [-26.8993, -24.1710,  31.1589,  ...,  32.5705, -10.5213, 478.5547]],
       device='cuda:0'),
    'PassLogTorchIntermediateTempVar4_result': tensor([[ -4.8992,   3.2184, -13.1370,  ...,   6.2306,   2.4858,   5.0436],
        [  3.2184,  -2.4259,  -1.7071,  ...,  -0.5870,   0.1333,   1.4338],
        [-13.1370,  -1.7071,   1.8721,  ...,   2.6775,  -0.7914,  -0.2629],
        ...,
        [  6.2306,  -0.5870,   2.6775,  ...,  -0.7306,   1.0364,   2.2623],
        [  2.4858,   0.1333,  -0.7914,  ...,   1.0364,   0.8264,  -1.9479],
        [  5.0436,   1.4338,  -0.2629,  ...,   2.2623,  -1.9479,   1.6753]],
       device='cuda:0'),
    'input_data': tensor([[-0.0070,  0.5044,  0.6704,  ...,  2.5257,  0.5339, -1.4125],
        [ 0.3884,  0.2605, -0.5931,  ..., -0.3853,  1.1461,  0.4701],
        [-0.1463,  0.2208,  0.4942,  ..., -0.4004,  0.5848, -0.6690],
        ...,
        [-0.9849, -0.0894,  1.1542,  ...,  0.4538,  0.0160,  0.3405],
        [ 0.4967,  0.6973,  0.3621,  ...,  0.7714,  1.9993, -1.3489],
        [-2.1303,  0.3014, -0.3138,  ...,  0.9404,  0.7625, -0.3364]],
       device='cuda:0'),
    'result': tensor([[ -4.8992,   3.2184, -13.1370,  ...,   6.2306,   2.4858,   5.0436],
        [  3.2184,  -2.4259,  -1.7071,  ...,  -0.5870,   0.1333,   1.4338],
        [-13.1370,  -1.7071,   1.8721,  ...,   2.6775,  -0.7914,  -0.2629],
        ...,
        [  6.2306,  -0.5870,   2.6775,  ...,  -0.7306,   1.0364,   2.2623],
        [  2.4858,   0.1333,  -0.7914,  ...,   1.0364,   0.8264,  -1.9479],
        [  5.0436,   1.4338,  -0.2629,  ...,   2.2623,  -1.9479,   1.6753]],
       device='cuda:0')}
