WARNING: All log messages before absl::InitializeLog() is called are written to STDERR
I0000 00:00:1781419941.569825  268553 port.cc:153] oneDNN custom operations are on. You may see slightly different numerical results due to floating-point round-off errors from different computation orders. To turn them off, set the environment variable `TF_ENABLE_ONEDNN_OPTS=0`.
I0000 00:00:1781419941.609848  268553 cpu_feature_guard.cc:227] This TensorFlow binary is optimized to use available CPU instructions in performance-critical operations.
To enable the following instructions: AVX2 AVX512F AVX512_VNNI AVX512_BF16 FMA, in other operations, rebuild TensorFlow with the appropriate compiler flags.
WARNING: All log messages before absl::InitializeLog() is called are written to STDERR
I0000 00:00:1781419942.592924  268553 port.cc:153] oneDNN custom operations are on. You may see slightly different numerical results due to floating-point round-off errors from different computation orders. To turn them off, set the environment variable `TF_ENABLE_ONEDNN_OPTS=0`.

FrameworkSingle DuelFinished 420 Problem since line 3
Last lines before problem: 
1 > 
2 > A = torch.randn(20, 20, requires_grad=True)
3 > (U, S, Vt) = torch.linalg.svd(A)
VarInconsistentCatch 
diff:['U', 'Vt']
CPU:
{   'A': tensor([[-0.0070,  0.5044,  0.6704, -0.3829,  0.0302,  0.3826, -0.5131,  0.7104,
          1.8092,  0.4352,  2.6453,  0.2654,  0.9235, -0.4376,  2.0182,  1.3498,
         -0.2523, -0.0355, -0.0646, -0.5918],
        [ 0.0938, -2.0492,  1.0550, -0.6222, -0.8859,  0.1494,  0.7684,  0.4066,
          1.3646, -0.7372, -0.7084, -0.2842,  1.6243, -0.3222,  0.2299, -0.9675,
         -0.6336,  0.7566,  0.3524,  0.6126],
        [ 0.7749, -0.1788, -0.4155, -0.4477, -0.9933, -1.6647, -0.0118,  1.4460,
          1.4694,  1.7807,  1.7159, -0.2882,  0.4785, -0.1268, -1.5025,  2.1325,
          0.1452, -1.2969,  0.3517,  0.1162],
        [-0.3220,  0.0683, -0.5458, -2.4354,  0.1148, -0.6670,  0.6006,  0.6718,
         -0.3448,  1.2409, -0.8618,  0.5932,  0.3936, -1.2349,  0.4804, -2.4358,
         -0.1385,  0.0612, -1.6134,  0.3318],
        [-0.4906, -1.2063,  0.9993, -1.4084, -0.8791,  0.4827,  0.1655,  0.0565,
         -1.1863, -1.3520,  0.2617,  0.5806, -0.6916,  0.1830,  0.1219, -2.2084,
          0.1813,  0.2056,  1.3302, -0.9146],
        [ 1.0682,  0.3328,  0.7771,  0.5947,  1.8290,  0.6189,  1.0484, -0.5157,
          0.7887,  0.3620, -0.1693, -0.3699, -0.8071,  0.8950,  1.8228, -0.1968,
         -1.0827, -1.1321, -0.4410,  2.3845],
        [ 0.2579, -0.0648, -1.1301, -0.9442,  0.0772,  0.0394, -0.0319,  0.2107,
         -0.1561, -0.6953,  0.7203, -0.3861, -0.2114,  2.0479,  2.1509,  1.6704,
         -0.9663, -0.3772,  0.8671, -1.2240],
        [-0.4293, -0.2157,  0.3892, -0.7359, -2.0271, -1.3331,  1.1122, -0.0855,
          0.9261, -1.3319, -1.6703,  1.1790,  0.5950,  0.1390,  0.9795,  1.2782,
         -0.6123, -0.2495, -0.5716,  0.4881],
        [ 1.9627, -0.3493, -0.4200, -0.1452, -0.2851, -1.0392,  0.1441,  0.8603,
         -0.3970, -1.1564,  0.9793,  0.0186, -1.7748,  0.2514,  0.3838, -0.8530,
         -0.3725, -0.6085,  0.8701,  0.8898],
        [ 1.3470,  0.1019,  0.9372, -1.4357, -0.0314, -0.8524, -1.3506, -0.8969,
          1.3004, -1.8561,  0.5581, -0.4879,  0.4996, -1.1736,  0.2443,  0.2811,
          0.2143, -0.7027, -0.9139,  1.0031],
        [-0.2228, -1.1100,  0.4241, -0.2860,  0.2215, -0.8434,  0.6041,  0.2586,
          0.6482,  0.1986, -0.2637,  0.8305, -0.8304, -1.9781, -0.6063, -1.2250,
         -0.1145, -0.2022,  0.2918,  0.1640],
        [ 0.3128,  0.3030,  0.3037, -0.7028, -0.2888,  2.4690,  0.1586,  0.1766,
         -1.5849, -0.6263,  1.6453, -0.0719, -0.7171, -0.6494,  1.7256, -0.0814,
          0.6682, -0.0631,  0.3054, -1.3610],
        [-0.5723, -0.9149, -0.1391, -0.1389, -1.0028,  0.8221,  0.7185,  2.3931,
          0.4297, -0.1268,  0.0057,  0.5862,  2.0760,  0.4632, -0.5314,  1.9181,
          0.2835,  0.9429,  0.1064,  1.0307],
        [-0.4172,  0.3988,  0.1592,  0.4653, -0.7392,  0.5730, -0.4705, -0.7178,
         -1.7508,  1.8901, -0.3377,  0.7959, -1.1560, -0.9214,  1.4433, -0.3957,
         -0.8006, -1.4699,  2.7234,  0.1882],
        [ 0.2241, -0.0175,  0.0975,  1.4653, -0.4014,  1.3871,  0.3280, -0.4286,
         -0.0386, -1.2344,  0.0307,  1.1000,  1.1548,  1.5656, -0.6269, -0.6669,
         -0.0978,  1.2656,  0.8192, -0.7435],
        [ 0.2809,  1.4263,  0.6051, -2.2213,  0.8538,  0.8802, -1.9666,  1.5041,
          0.9865,  1.2369,  0.9178, -1.4094,  0.8262,  1.2216,  1.4526,  1.1891,
          0.3367, -1.2440, -0.7981, -1.6194],
        [ 0.2956,  0.0996,  1.3881, -0.9291,  0.7731,  1.9229, -0.3469, -0.1803,
         -0.0423, -1.5612,  0.0225, -0.1072, -2.9828, -0.6432,  1.4207, -0.1255,
          1.0659,  1.5517, -2.1907,  0.9591],
        [-0.2394,  1.0902,  0.7581,  0.7186,  0.0523, -1.3394, -0.5184,  0.6021,
         -0.2584,  0.6336,  1.7136,  2.3921, -0.8867,  0.1901, -1.4012, -0.0156,
          0.7291, -1.9981,  0.1017, -0.6819],
        [ 0.5137, -1.3382, -0.0795,  0.5973, -0.5810,  0.2372, -1.0913,  0.5040,
          0.2627, -0.4721, -1.4164, -0.5674, -0.8436, -0.9299, -0.2227,  0.0033,
         -0.3378, -0.7683,  1.1353, -0.1781],
        [ 0.1674, -0.0688, -0.0587,  0.1350,  1.3429, -1.4892, -1.2500,  0.6257,
         -0.7377, -0.9357, -2.5553,  0.0555,  0.8376,  0.2216, -0.7630,  0.9699,
         -0.5480,  0.8763,  0.7738,  0.6606]], requires_grad=True),
    'PassLogTorchIntermediateTempVar1_A': tensor([[-0.0070,  0.5044,  0.6704, -0.3829,  0.0302,  0.3826, -0.5131,  0.7104,
          1.8092,  0.4352,  2.6453,  0.2654,  0.9235, -0.4376,  2.0182,  1.3498,
         -0.2523, -0.0355, -0.0646, -0.5918],
        [ 0.0938, -2.0492,  1.0550, -0.6222, -0.8859,  0.1494,  0.7684,  0.4066,
          1.3646, -0.7372, -0.7084, -0.2842,  1.6243, -0.3222,  0.2299, -0.9675,
         -0.6336,  0.7566,  0.3524,  0.6126],
        [ 0.7749, -0.1788, -0.4155, -0.4477, -0.9933, -1.6647, -0.0118,  1.4460,
          1.4694,  1.7807,  1.7159, -0.2882,  0.4785, -0.1268, -1.5025,  2.1325,
          0.1452, -1.2969,  0.3517,  0.1162],
        [-0.3220,  0.0683, -0.5458, -2.4354,  0.1148, -0.6670,  0.6006,  0.6718,
         -0.3448,  1.2409, -0.8618,  0.5932,  0.3936, -1.2349,  0.4804, -2.4358,
         -0.1385,  0.0612, -1.6134,  0.3318],
        [-0.4906, -1.2063,  0.9993, -1.4084, -0.8791,  0.4827,  0.1655,  0.0565,
         -1.1863, -1.3520,  0.2617,  0.5806, -0.6916,  0.1830,  0.1219, -2.2084,
          0.1813,  0.2056,  1.3302, -0.9146],
        [ 1.0682,  0.3328,  0.7771,  0.5947,  1.8290,  0.6189,  1.0484, -0.5157,
          0.7887,  0.3620, -0.1693, -0.3699, -0.8071,  0.8950,  1.8228, -0.1968,
         -1.0827, -1.1321, -0.4410,  2.3845],
        [ 0.2579, -0.0648, -1.1301, -0.9442,  0.0772,  0.0394, -0.0319,  0.2107,
         -0.1561, -0.6953,  0.7203, -0.3861, -0.2114,  2.0479,  2.1509,  1.6704,
         -0.9663, -0.3772,  0.8671, -1.2240],
        [-0.4293, -0.2157,  0.3892, -0.7359, -2.0271, -1.3331,  1.1122, -0.0855,
          0.9261, -1.3319, -1.6703,  1.1790,  0.5950,  0.1390,  0.9795,  1.2782,
         -0.6123, -0.2495, -0.5716,  0.4881],
        [ 1.9627, -0.3493, -0.4200, -0.1452, -0.2851, -1.0392,  0.1441,  0.8603,
         -0.3970, -1.1564,  0.9793,  0.0186, -1.7748,  0.2514,  0.3838, -0.8530,
         -0.3725, -0.6085,  0.8701,  0.8898],
        [ 1.3470,  0.1019,  0.9372, -1.4357, -0.0314, -0.8524, -1.3506, -0.8969,
          1.3004, -1.8561,  0.5581, -0.4879,  0.4996, -1.1736,  0.2443,  0.2811,
          0.2143, -0.7027, -0.9139,  1.0031],
        [-0.2228, -1.1100,  0.4241, -0.2860,  0.2215, -0.8434,  0.6041,  0.2586,
          0.6482,  0.1986, -0.2637,  0.8305, -0.8304, -1.9781, -0.6063, -1.2250,
         -0.1145, -0.2022,  0.2918,  0.1640],
        [ 0.3128,  0.3030,  0.3037, -0.7028, -0.2888,  2.4690,  0.1586,  0.1766,
         -1.5849, -0.6263,  1.6453, -0.0719, -0.7171, -0.6494,  1.7256, -0.0814,
          0.6682, -0.0631,  0.3054, -1.3610],
        [-0.5723, -0.9149, -0.1391, -0.1389, -1.0028,  0.8221,  0.7185,  2.3931,
          0.4297, -0.1268,  0.0057,  0.5862,  2.0760,  0.4632, -0.5314,  1.9181,
          0.2835,  0.9429,  0.1064,  1.0307],
        [-0.4172,  0.3988,  0.1592,  0.4653, -0.7392,  0.5730, -0.4705, -0.7178,
         -1.7508,  1.8901, -0.3377,  0.7959, -1.1560, -0.9214,  1.4433, -0.3957,
         -0.8006, -1.4699,  2.7234,  0.1882],
        [ 0.2241, -0.0175,  0.0975,  1.4653, -0.4014,  1.3871,  0.3280, -0.4286,
         -0.0386, -1.2344,  0.0307,  1.1000,  1.1548,  1.5656, -0.6269, -0.6669,
         -0.0978,  1.2656,  0.8192, -0.7435],
        [ 0.2809,  1.4263,  0.6051, -2.2213,  0.8538,  0.8802, -1.9666,  1.5041,
          0.9865,  1.2369,  0.9178, -1.4094,  0.8262,  1.2216,  1.4526,  1.1891,
          0.3367, -1.2440, -0.7981, -1.6194],
        [ 0.2956,  0.0996,  1.3881, -0.9291,  0.7731,  1.9229, -0.3469, -0.1803,
         -0.0423, -1.5612,  0.0225, -0.1072, -2.9828, -0.6432,  1.4207, -0.1255,
          1.0659,  1.5517, -2.1907,  0.9591],
        [-0.2394,  1.0902,  0.7581,  0.7186,  0.0523, -1.3394, -0.5184,  0.6021,
         -0.2584,  0.6336,  1.7136,  2.3921, -0.8867,  0.1901, -1.4012, -0.0156,
          0.7291, -1.9981,  0.1017, -0.6819],
        [ 0.5137, -1.3382, -0.0795,  0.5973, -0.5810,  0.2372, -1.0913,  0.5040,
          0.2627, -0.4721, -1.4164, -0.5674, -0.8436, -0.9299, -0.2227,  0.0033,
         -0.3378, -0.7683,  1.1353, -0.1781],
        [ 0.1674, -0.0688, -0.0587,  0.1350,  1.3429, -1.4892, -1.2500,  0.6257,
         -0.7377, -0.9357, -2.5553,  0.0555,  0.8376,  0.2216, -0.7630,  0.9699,
         -0.5480,  0.8763,  0.7738,  0.6606]], grad_fn=<CloneBackward0>),
    'S': tensor([8.0457, 7.7125, 6.9185, 6.2829, 5.6455, 5.2962, 5.0162, 4.5939, 3.9834,
        3.8002, 3.6115, 3.1621, 2.4956, 2.2998, 1.7363, 1.4540, 0.9319, 0.8991,
        0.4451, 0.0721], grad_fn=<LinalgSvdBackward0>),
    'U': tensor([[ 0.4294, -0.1069, -0.0973,  0.0031, -0.1811,  0.1365, -0.1172, -0.2383,
          0.1043, -0.0044, -0.2832,  0.1058, -0.3202,  0.4971, -0.1215, -0.2196,
         -0.0225, -0.2488, -0.0084, -0.3088],
        [-0.1448,  0.1412, -0.3257,  0.0498, -0.2842,  0.2683,  0.0551, -0.1580,
          0.2121, -0.2866, -0.1002,  0.1513,  0.1536,  0.0384,  0.1227, -0.0388,
         -0.1740, -0.0599,  0.5333,  0.3871],
        [ 0.3919,  0.3455,  0.1277, -0.2504, -0.1064,  0.1284, -0.1599, -0.0245,
          0.1833,  0.0319,  0.2730, -0.1713,  0.0881, -0.1090,  0.2114, -0.1486,
         -0.1855,  0.4744,  0.1703, -0.2839],
        [-0.1318, -0.0570, -0.1029, -0.3721, -0.3512, -0.1325,  0.5022, -0.0935,
         -0.2846, -0.0702,  0.2216,  0.0637, -0.1978, -0.0434, -0.3290, -0.1054,
          0.1914,  0.1505,  0.1906, -0.1831],
        [-0.2395, -0.1900,  0.0800,  0.1273, -0.4360,  0.2123, -0.0300,  0.2335,
         -0.1218, -0.1845,  0.0459,  0.2217,  0.1651, -0.0191,  0.4839, -0.0105,
          0.0591, -0.0824, -0.1837, -0.4328],
        [ 0.0157, -0.2024, -0.1263, -0.1700,  0.4896,  0.2222,  0.0430, -0.5165,
         -0.0409, -0.2266,  0.0712,  0.3337,  0.1334, -0.1140,  0.0655,  0.2787,
         -0.0053,  0.0898, -0.0299, -0.2552],
        [ 0.2768, -0.1194, -0.0192,  0.3118,  0.1199,  0.3700,  0.1139,  0.1494,
         -0.3453, -0.0492,  0.1981, -0.1977,  0.0216,  0.3360,  0.0758,  0.1440,
          0.4116,  0.2333,  0.1812,  0.1684],
        [-0.0428,  0.2031, -0.2736, -0.0097, -0.0814,  0.3782,  0.0010, -0.0752,
         -0.5046,  0.4420, -0.2474, -0.1119,  0.2299, -0.1139, -0.1502, -0.0017,
         -0.3011, -0.0210, -0.1313, -0.0784],
        [-0.0570, -0.1064,  0.0947, -0.1635,  0.0673,  0.4193, -0.2802,  0.1456,
         -0.0984, -0.2312,  0.4904,  0.0342, -0.2027, -0.0779, -0.2657, -0.2712,
         -0.2201, -0.2461, -0.1582,  0.1988],
        [ 0.0829, -0.0554, -0.3069, -0.3368,  0.0025,  0.1918, -0.2211,  0.2985,
          0.0458, -0.1411, -0.4210, -0.0371, -0.3354, -0.3635,  0.0597,  0.0923,
          0.3341,  0.1678, -0.0734,  0.0714],
        [-0.1983,  0.0489,  0.0558, -0.3088, -0.2165,  0.0971, -0.0309, -0.0691,
          0.1537,  0.0236, -0.0077,  0.0788,  0.0497,  0.4965, -0.0428,  0.2955,
         -0.0565,  0.3637, -0.4609,  0.2852],
        [ 0.0898, -0.4394,  0.0865,  0.2309, -0.2640,  0.0511, -0.0555,  0.0183,
          0.1110,  0.1492,  0.0588, -0.0589, -0.2717, -0.2027, -0.1759,  0.5230,
         -0.3802,  0.1501,  0.1793, -0.0477],
        [ 0.1351,  0.3016, -0.2432,  0.2645, -0.2141,  0.0244, -0.0697, -0.2070,
          0.1594,  0.3263,  0.3681,  0.3494, -0.1615, -0.2249,  0.0131,  0.1129,
          0.3468, -0.1027, -0.2181,  0.1001],
        [-0.0773, -0.1490,  0.4979,  0.0384,  0.0418,  0.3713,  0.3340, -0.1704,
          0.1681,  0.2990, -0.2291,  0.1451, -0.1590, -0.1820,  0.1196, -0.3397,
          0.0811,  0.1453, -0.0077,  0.1877],
        [-0.1236,  0.0484,  0.0011,  0.4615, -0.0376, -0.1025, -0.2606, -0.0774,
         -0.1118, -0.2871, -0.1614,  0.2206,  0.0240, -0.0704, -0.3726, -0.2913,
          0.0018,  0.5223, -0.0890, -0.0620],
        [ 0.5678, -0.1902, -0.1098, -0.0234, -0.0549, -0.0935,  0.3537,  0.2876,
          0.0396, -0.1162, -0.0355,  0.3093,  0.3529, -0.1315, -0.0833, -0.0859,
         -0.1867,  0.0131, -0.2535,  0.2042],
        [-0.1217, -0.5258, -0.3474, -0.1333,  0.0632, -0.1386, -0.2706,  0.0442,
          0.0814,  0.4426,  0.1684,  0.0977,  0.1709,  0.1229,  0.1020, -0.3322,
          0.0579,  0.1878,  0.1595,  0.0484],
        [ 0.1403,  0.0710,  0.4338, -0.2427, -0.1027, -0.1110, -0.3742,  0.0493,
         -0.3338,  0.1153, -0.1109,  0.4610,  0.1488,  0.0202, -0.0777,  0.1767,
          0.1375, -0.0953,  0.3285,  0.1328],
        [-0.1227,  0.0497,  0.0522, -0.0097,  0.0495,  0.2942,  0.0309,  0.2717,
          0.4535,  0.1030, -0.0206,  0.0052,  0.3759,  0.0354, -0.5090,  0.1084,
          0.2585, -0.0947,  0.1230, -0.3080],
        [-0.1365,  0.2606, -0.1251,  0.0570,  0.3330,  0.0229,  0.1861,  0.4532,
         -0.0051,  0.1449,  0.0291,  0.4456, -0.3599,  0.2233,  0.0883,  0.0435,
         -0.2757,  0.1247,  0.1488, -0.1408]], grad_fn=<LinalgSvdBackward0>),
    'Vt': tensor([[ 6.9225e-02,  2.4452e-01, -2.6337e-02, -1.6212e-01,  3.5463e-02,
          8.1052e-03, -1.8276e-01,  2.3007e-01,  2.5722e-01,  2.4788e-01,
          4.6299e-01, -1.3158e-01,  1.9053e-01,  1.9242e-01,  1.8502e-01,
          5.0277e-01,  3.3672e-02, -2.3703e-01, -8.2013e-02, -1.9266e-01],
        [-8.1559e-02, -1.4341e-01, -1.5034e-01,  1.8467e-01, -1.7998e-01,
         -4.4574e-01,  7.4264e-02,  1.6010e-01,  1.9746e-01,  1.1468e-01,
         -2.3339e-01,  9.5627e-02,  4.5756e-01,  3.9697e-02, -4.8760e-01,
          2.4140e-01, -8.1980e-02, -1.6767e-04,  1.2449e-01,  9.4453e-02],
        [-6.8218e-02,  1.5200e-01, -1.2857e-01,  2.8541e-01, -4.2458e-02,
         -9.1919e-02, -5.9044e-02, -6.4157e-02, -3.5497e-01,  3.8773e-01,
          2.2064e-01,  2.0041e-01, -2.6124e-01, -2.5159e-02, -1.8721e-01,
         -1.3710e-01,  6.2950e-03, -3.4939e-01,  4.3304e-01, -2.4260e-01],
        [-1.4483e-01, -6.5390e-02, -1.0801e-01,  2.4075e-01, -1.3172e-01,
          4.4300e-01,  6.3718e-02, -3.9521e-03, -2.2583e-01, -2.1109e-01,
         -4.6081e-02, -1.5933e-02,  2.6976e-01,  4.2011e-01,  1.1518e-01,
          1.9510e-01, -4.5028e-02,  3.1334e-01,  3.2246e-01, -2.9107e-01],
        [ 1.9745e-01,  2.2354e-01, -1.0976e-01,  4.0617e-01,  4.2292e-01,
         -9.0974e-02, -1.1897e-01, -2.4352e-01, -2.0129e-02, -1.3646e-02,
         -2.8427e-01, -2.1263e-01, -2.0835e-01,  2.7071e-01,  6.4917e-02,
          3.0131e-01, -1.6085e-01, -7.5959e-02, -4.0873e-03,  3.2165e-01],
        [ 2.3240e-01, -2.9375e-01,  4.8267e-02, -1.3100e-01, -3.0292e-01,
         -1.7216e-01,  6.5925e-02,  5.3722e-02,  9.3544e-02, -2.2661e-01,
         -2.7994e-02,  1.7438e-02, -1.2563e-01, -1.9194e-02,  4.2327e-01,
          1.1001e-01, -3.2157e-01, -2.9578e-01,  4.7498e-01,  1.6274e-01],
        [-2.0934e-01,  4.8541e-02, -1.7814e-01, -3.4923e-01,  1.2060e-01,
          1.4676e-02, -5.8313e-02,  3.5370e-02, -1.7492e-01,  4.7472e-01,
         -4.8546e-01, -2.2561e-01,  2.4848e-01, -4.2720e-02,  3.0446e-01,
         -1.5119e-01, -2.1004e-01, -6.7348e-02,  5.4314e-02, -8.6390e-02],
        [ 1.2653e-01,  2.7512e-03, -4.7395e-02, -2.8761e-01,  4.0628e-02,
         -2.4558e-01, -5.7267e-01,  7.9058e-02, -2.0740e-01, -3.9961e-01,
         -1.9163e-01, -1.8533e-01, -1.1343e-01,  1.7541e-02, -2.3300e-01,
          6.2512e-02,  1.3663e-01, -3.7773e-03,  9.5894e-02, -3.6033e-01],
        [ 1.0703e-01, -3.1387e-01,  1.0997e-01,  2.1819e-01,  5.7103e-02,
          3.9286e-01, -2.6740e-01,  1.3318e-01,  1.4812e-01,  2.1358e-01,
          2.6011e-02, -4.2490e-01,  8.6845e-04, -4.5759e-01, -1.5958e-01,
          8.2027e-02,  7.5589e-02,  8.0738e-02,  2.6056e-01,  1.1406e-01],
        [-3.0629e-01,  1.0442e-01,  5.1586e-02, -2.2467e-03, -2.5124e-01,
          7.4187e-02, -3.1261e-02,  1.4327e-01, -2.1021e-01,  4.3399e-02,
         -2.8055e-01,  2.8281e-01, -3.0749e-01, -3.0983e-01,  1.2053e-01,
          5.8046e-01,  1.6378e-01,  6.4206e-02, -1.2083e-01,  1.0084e-01],
        [ 1.8510e-01, -1.9510e-01, -3.6278e-01, -1.6174e-01,  8.4710e-02,
          5.3280e-03,  2.8166e-01,  5.8431e-01, -2.4862e-01,  1.0198e-01,
          8.5813e-02, -1.4450e-01, -3.1844e-01,  2.4027e-01, -1.3492e-01,
         -1.2499e-03,  5.0831e-02,  1.5300e-01, -4.9284e-02,  1.8902e-01],
        [-1.3395e-02,  5.9487e-02,  4.8570e-01, -1.0030e-02,  3.5184e-01,
          1.2711e-01, -2.2922e-01,  4.6076e-01, -3.9147e-02, -1.3226e-02,
         -1.0915e-01,  4.2738e-01,  1.4974e-01,  1.8078e-01, -6.9982e-03,
         -1.3838e-01, -8.5243e-03, -8.6028e-02,  1.7141e-01,  2.1920e-01],
        [-1.6745e-01, -2.0992e-01,  2.4690e-01,  5.5293e-02, -1.8211e-01,
          1.6051e-01,  6.8595e-02,  4.6998e-02,  3.7212e-01,  1.2553e-01,
         -3.2233e-01, -1.3192e-01, -3.6795e-01,  4.0058e-01, -1.5345e-01,
         -5.8948e-02,  4.9230e-02, -3.1209e-01, -1.5564e-01, -2.7492e-01],
        [-2.7167e-01, -2.2939e-01, -7.0508e-02,  1.2464e-01,  4.3608e-01,
         -2.8456e-01,  1.1208e-02,  1.0617e-01,  3.0959e-01,  1.6080e-02,
          8.4884e-02,  1.5442e-01, -2.4579e-01, -1.3270e-01,  2.0197e-01,
          4.0116e-02, -2.0863e-01,  3.6563e-01,  9.3640e-02, -3.7010e-01],
        [-3.7440e-01, -1.6731e-01,  3.8843e-01, -3.3866e-01,  1.2995e-01,
         -1.8379e-01,  1.1974e-01, -3.1101e-01, -1.8539e-01,  9.8079e-02,
          2.2466e-01, -2.4338e-01, -6.5149e-02,  2.0740e-01, -1.6420e-01,
          1.9161e-01,  8.9650e-02,  1.3087e-01,  2.4080e-01,  2.3821e-01],
        [-9.8083e-02, -2.2391e-01, -2.0818e-02,  1.9700e-02,  4.2299e-01,
          1.0484e-01,  3.9087e-01,  2.6815e-02, -2.0567e-01, -2.9992e-01,
         -2.3590e-02, -5.5409e-02,  1.9148e-01, -2.3415e-01, -6.3439e-02,
          1.8222e-01,  5.8818e-02, -5.2894e-01, -1.0182e-01, -1.9446e-01],
        [-3.4614e-01, -3.2977e-01, -4.8857e-01, -1.2331e-01,  5.7267e-02,
          2.2642e-01, -4.0388e-01, -1.7002e-01,  1.1780e-01, -7.6099e-02,
          1.4522e-01,  2.5723e-01, -1.3076e-02,  1.2806e-01, -5.2165e-02,
         -3.7297e-02, -3.4713e-02, -2.0266e-01, -8.3431e-02,  3.0678e-01],
        [ 4.4407e-01, -2.1822e-02, -5.3871e-02, -4.0151e-01,  1.6759e-01,
          2.7879e-01,  1.4769e-01, -3.0100e-01,  1.4883e-01,  1.8001e-01,
         -1.4088e-01,  3.7438e-01, -7.3152e-02, -2.7118e-02, -2.8314e-01,
          2.2799e-01, -9.7188e-02,  1.1488e-01,  1.5416e-01, -1.4415e-01],
        [ 2.8056e-01, -5.3232e-01,  2.1363e-01,  1.6325e-01, -6.0329e-02,
         -1.2739e-01, -2.0293e-01, -1.2027e-01, -3.8187e-01,  2.6058e-01,
          7.5227e-02,  1.3356e-01,  1.0294e-01,  1.0034e-01,  1.2052e-01,
          1.0044e-01, -1.4219e-01,  4.5176e-02, -4.1397e-01, -1.1829e-01],
        [ 1.5173e-01, -1.8768e-01, -1.1571e-01,  5.2596e-02,  9.4271e-02,
         -1.5926e-01,  3.5696e-02, -1.0360e-01,  1.1300e-01,  1.1900e-01,
         -1.3776e-01,  1.0290e-01,  9.1207e-02,  9.7853e-02,  3.1362e-01,
         -3.3861e-02,  8.2128e-01, -2.8628e-04,  1.7537e-01,  1.3583e-02]],
       grad_fn=<LinalgSvdBackward0>)}
GPU:
{   'A': tensor([[-0.0070,  0.5044,  0.6704, -0.3829,  0.0302,  0.3826, -0.5131,  0.7104,
          1.8092,  0.4352,  2.6453,  0.2654,  0.9235, -0.4376,  2.0182,  1.3498,
         -0.2523, -0.0355, -0.0646, -0.5918],
        [ 0.0938, -2.0492,  1.0550, -0.6222, -0.8859,  0.1494,  0.7684,  0.4066,
          1.3646, -0.7372, -0.7084, -0.2842,  1.6243, -0.3222,  0.2299, -0.9675,
         -0.6336,  0.7566,  0.3524,  0.6126],
        [ 0.7749, -0.1788, -0.4155, -0.4477, -0.9933, -1.6647, -0.0118,  1.4460,
          1.4694,  1.7807,  1.7159, -0.2882,  0.4785, -0.1268, -1.5025,  2.1325,
          0.1452, -1.2969,  0.3517,  0.1162],
        [-0.3220,  0.0683, -0.5458, -2.4354,  0.1148, -0.6670,  0.6006,  0.6718,
         -0.3448,  1.2409, -0.8618,  0.5932,  0.3936, -1.2349,  0.4804, -2.4358,
         -0.1385,  0.0612, -1.6134,  0.3318],
        [-0.4906, -1.2063,  0.9993, -1.4084, -0.8791,  0.4827,  0.1655,  0.0565,
         -1.1863, -1.3520,  0.2617,  0.5806, -0.6916,  0.1830,  0.1219, -2.2084,
          0.1813,  0.2056,  1.3302, -0.9146],
        [ 1.0682,  0.3328,  0.7771,  0.5947,  1.8290,  0.6189,  1.0484, -0.5157,
          0.7887,  0.3620, -0.1693, -0.3699, -0.8071,  0.8950,  1.8228, -0.1968,
         -1.0827, -1.1321, -0.4410,  2.3845],
        [ 0.2579, -0.0648, -1.1301, -0.9442,  0.0772,  0.0394, -0.0319,  0.2107,
         -0.1561, -0.6953,  0.7203, -0.3861, -0.2114,  2.0479,  2.1509,  1.6704,
         -0.9663, -0.3772,  0.8671, -1.2240],
        [-0.4293, -0.2157,  0.3892, -0.7359, -2.0271, -1.3331,  1.1122, -0.0855,
          0.9261, -1.3319, -1.6703,  1.1790,  0.5950,  0.1390,  0.9795,  1.2782,
         -0.6123, -0.2495, -0.5716,  0.4881],
        [ 1.9627, -0.3493, -0.4200, -0.1452, -0.2851, -1.0392,  0.1441,  0.8603,
         -0.3970, -1.1564,  0.9793,  0.0186, -1.7748,  0.2514,  0.3838, -0.8530,
         -0.3725, -0.6085,  0.8701,  0.8898],
        [ 1.3470,  0.1019,  0.9372, -1.4357, -0.0314, -0.8524, -1.3506, -0.8969,
          1.3004, -1.8561,  0.5581, -0.4879,  0.4996, -1.1736,  0.2443,  0.2811,
          0.2143, -0.7027, -0.9139,  1.0031],
        [-0.2228, -1.1100,  0.4241, -0.2860,  0.2215, -0.8434,  0.6041,  0.2586,
          0.6482,  0.1986, -0.2637,  0.8305, -0.8304, -1.9781, -0.6063, -1.2250,
         -0.1145, -0.2022,  0.2918,  0.1640],
        [ 0.3128,  0.3030,  0.3037, -0.7028, -0.2888,  2.4690,  0.1586,  0.1766,
         -1.5849, -0.6263,  1.6453, -0.0719, -0.7171, -0.6494,  1.7256, -0.0814,
          0.6682, -0.0631,  0.3054, -1.3610],
        [-0.5723, -0.9149, -0.1391, -0.1389, -1.0028,  0.8221,  0.7185,  2.3931,
          0.4297, -0.1268,  0.0057,  0.5862,  2.0760,  0.4632, -0.5314,  1.9181,
          0.2835,  0.9429,  0.1064,  1.0307],
        [-0.4172,  0.3988,  0.1592,  0.4653, -0.7392,  0.5730, -0.4705, -0.7178,
         -1.7508,  1.8901, -0.3377,  0.7959, -1.1560, -0.9214,  1.4433, -0.3957,
         -0.8006, -1.4699,  2.7234,  0.1882],
        [ 0.2241, -0.0175,  0.0975,  1.4653, -0.4014,  1.3871,  0.3280, -0.4286,
         -0.0386, -1.2344,  0.0307,  1.1000,  1.1548,  1.5656, -0.6269, -0.6669,
         -0.0978,  1.2656,  0.8192, -0.7435],
        [ 0.2809,  1.4263,  0.6051, -2.2213,  0.8538,  0.8802, -1.9666,  1.5041,
          0.9865,  1.2369,  0.9178, -1.4094,  0.8262,  1.2216,  1.4526,  1.1891,
          0.3367, -1.2440, -0.7981, -1.6194],
        [ 0.2956,  0.0996,  1.3881, -0.9291,  0.7731,  1.9229, -0.3469, -0.1803,
         -0.0423, -1.5612,  0.0225, -0.1072, -2.9828, -0.6432,  1.4207, -0.1255,
          1.0659,  1.5517, -2.1907,  0.9591],
        [-0.2394,  1.0902,  0.7581,  0.7186,  0.0523, -1.3394, -0.5184,  0.6021,
         -0.2584,  0.6336,  1.7136,  2.3921, -0.8867,  0.1901, -1.4012, -0.0156,
          0.7291, -1.9981,  0.1017, -0.6819],
        [ 0.5137, -1.3382, -0.0795,  0.5973, -0.5810,  0.2372, -1.0913,  0.5040,
          0.2627, -0.4721, -1.4164, -0.5674, -0.8436, -0.9299, -0.2227,  0.0033,
         -0.3378, -0.7683,  1.1353, -0.1781],
        [ 0.1674, -0.0688, -0.0587,  0.1350,  1.3429, -1.4892, -1.2500,  0.6257,
         -0.7377, -0.9357, -2.5553,  0.0555,  0.8376,  0.2216, -0.7630,  0.9699,
         -0.5480,  0.8763,  0.7738,  0.6606]], device='cuda:0',
       grad_fn=<ToCopyBackward0>),
    'PassLogTorchIntermediateTempVar1_A': tensor([[-0.0070,  0.5044,  0.6704, -0.3829,  0.0302,  0.3826, -0.5131,  0.7104,
          1.8092,  0.4352,  2.6453,  0.2654,  0.9235, -0.4376,  2.0182,  1.3498,
         -0.2523, -0.0355, -0.0646, -0.5918],
        [ 0.0938, -2.0492,  1.0550, -0.6222, -0.8859,  0.1494,  0.7684,  0.4066,
          1.3646, -0.7372, -0.7084, -0.2842,  1.6243, -0.3222,  0.2299, -0.9675,
         -0.6336,  0.7566,  0.3524,  0.6126],
        [ 0.7749, -0.1788, -0.4155, -0.4477, -0.9933, -1.6647, -0.0118,  1.4460,
          1.4694,  1.7807,  1.7159, -0.2882,  0.4785, -0.1268, -1.5025,  2.1325,
          0.1452, -1.2969,  0.3517,  0.1162],
        [-0.3220,  0.0683, -0.5458, -2.4354,  0.1148, -0.6670,  0.6006,  0.6718,
         -0.3448,  1.2409, -0.8618,  0.5932,  0.3936, -1.2349,  0.4804, -2.4358,
         -0.1385,  0.0612, -1.6134,  0.3318],
        [-0.4906, -1.2063,  0.9993, -1.4084, -0.8791,  0.4827,  0.1655,  0.0565,
         -1.1863, -1.3520,  0.2617,  0.5806, -0.6916,  0.1830,  0.1219, -2.2084,
          0.1813,  0.2056,  1.3302, -0.9146],
        [ 1.0682,  0.3328,  0.7771,  0.5947,  1.8290,  0.6189,  1.0484, -0.5157,
          0.7887,  0.3620, -0.1693, -0.3699, -0.8071,  0.8950,  1.8228, -0.1968,
         -1.0827, -1.1321, -0.4410,  2.3845],
        [ 0.2579, -0.0648, -1.1301, -0.9442,  0.0772,  0.0394, -0.0319,  0.2107,
         -0.1561, -0.6953,  0.7203, -0.3861, -0.2114,  2.0479,  2.1509,  1.6704,
         -0.9663, -0.3772,  0.8671, -1.2240],
        [-0.4293, -0.2157,  0.3892, -0.7359, -2.0271, -1.3331,  1.1122, -0.0855,
          0.9261, -1.3319, -1.6703,  1.1790,  0.5950,  0.1390,  0.9795,  1.2782,
         -0.6123, -0.2495, -0.5716,  0.4881],
        [ 1.9627, -0.3493, -0.4200, -0.1452, -0.2851, -1.0392,  0.1441,  0.8603,
         -0.3970, -1.1564,  0.9793,  0.0186, -1.7748,  0.2514,  0.3838, -0.8530,
         -0.3725, -0.6085,  0.8701,  0.8898],
        [ 1.3470,  0.1019,  0.9372, -1.4357, -0.0314, -0.8524, -1.3506, -0.8969,
          1.3004, -1.8561,  0.5581, -0.4879,  0.4996, -1.1736,  0.2443,  0.2811,
          0.2143, -0.7027, -0.9139,  1.0031],
        [-0.2228, -1.1100,  0.4241, -0.2860,  0.2215, -0.8434,  0.6041,  0.2586,
          0.6482,  0.1986, -0.2637,  0.8305, -0.8304, -1.9781, -0.6063, -1.2250,
         -0.1145, -0.2022,  0.2918,  0.1640],
        [ 0.3128,  0.3030,  0.3037, -0.7028, -0.2888,  2.4690,  0.1586,  0.1766,
         -1.5849, -0.6263,  1.6453, -0.0719, -0.7171, -0.6494,  1.7256, -0.0814,
          0.6682, -0.0631,  0.3054, -1.3610],
        [-0.5723, -0.9149, -0.1391, -0.1389, -1.0028,  0.8221,  0.7185,  2.3931,
          0.4297, -0.1268,  0.0057,  0.5862,  2.0760,  0.4632, -0.5314,  1.9181,
          0.2835,  0.9429,  0.1064,  1.0307],
        [-0.4172,  0.3988,  0.1592,  0.4653, -0.7392,  0.5730, -0.4705, -0.7178,
         -1.7508,  1.8901, -0.3377,  0.7959, -1.1560, -0.9214,  1.4433, -0.3957,
         -0.8006, -1.4699,  2.7234,  0.1882],
        [ 0.2241, -0.0175,  0.0975,  1.4653, -0.4014,  1.3871,  0.3280, -0.4286,
         -0.0386, -1.2344,  0.0307,  1.1000,  1.1548,  1.5656, -0.6269, -0.6669,
         -0.0978,  1.2656,  0.8192, -0.7435],
        [ 0.2809,  1.4263,  0.6051, -2.2213,  0.8538,  0.8802, -1.9666,  1.5041,
          0.9865,  1.2369,  0.9178, -1.4094,  0.8262,  1.2216,  1.4526,  1.1891,
          0.3367, -1.2440, -0.7981, -1.6194],
        [ 0.2956,  0.0996,  1.3881, -0.9291,  0.7731,  1.9229, -0.3469, -0.1803,
         -0.0423, -1.5612,  0.0225, -0.1072, -2.9828, -0.6432,  1.4207, -0.1255,
          1.0659,  1.5517, -2.1907,  0.9591],
        [-0.2394,  1.0902,  0.7581,  0.7186,  0.0523, -1.3394, -0.5184,  0.6021,
         -0.2584,  0.6336,  1.7136,  2.3921, -0.8867,  0.1901, -1.4012, -0.0156,
          0.7291, -1.9981,  0.1017, -0.6819],
        [ 0.5137, -1.3382, -0.0795,  0.5973, -0.5810,  0.2372, -1.0913,  0.5040,
          0.2627, -0.4721, -1.4164, -0.5674, -0.8436, -0.9299, -0.2227,  0.0033,
         -0.3378, -0.7683,  1.1353, -0.1781],
        [ 0.1674, -0.0688, -0.0587,  0.1350,  1.3429, -1.4892, -1.2500,  0.6257,
         -0.7377, -0.9357, -2.5553,  0.0555,  0.8376,  0.2216, -0.7630,  0.9699,
         -0.5480,  0.8763,  0.7738,  0.6606]], device='cuda:0',
       grad_fn=<CloneBackward0>),
    'S': tensor([8.0457, 7.7125, 6.9185, 6.2829, 5.6455, 5.2962, 5.0162, 4.5939, 3.9835,
        3.8002, 3.6115, 3.1621, 2.4956, 2.2998, 1.7363, 1.4540, 0.9319, 0.8991,
        0.4451, 0.0721], device='cuda:0', grad_fn=<LinalgSvdBackward0>),
    'U': tensor([[ 0.4294, -0.1069, -0.0973,  0.0031,  0.1811, -0.1365,  0.1172,  0.2383,
         -0.1043, -0.0044,  0.2832,  0.1058,  0.3202, -0.4971,  0.1215,  0.2196,
         -0.0225, -0.2488,  0.0084,  0.3088],
        [-0.1448,  0.1412, -0.3257,  0.0498,  0.2842, -0.2683, -0.0551,  0.1580,
         -0.2121, -0.2866,  0.1002,  0.1513, -0.1536, -0.0384, -0.1227,  0.0388,
         -0.1740, -0.0599, -0.5333, -0.3871],
        [ 0.3919,  0.3455,  0.1277, -0.2504,  0.1064, -0.1284,  0.1599,  0.0245,
         -0.1833,  0.0319, -0.2730, -0.1713, -0.0881,  0.1090, -0.2114,  0.1486,
         -0.1854,  0.4745, -0.1703,  0.2839],
        [-0.1318, -0.0570, -0.1029, -0.3721,  0.3512,  0.1325, -0.5022,  0.0935,
          0.2846, -0.0702, -0.2216,  0.0637,  0.1978,  0.0434,  0.3290,  0.1054,
          0.1914,  0.1505, -0.1906,  0.1831],
        [-0.2395, -0.1900,  0.0800,  0.1273,  0.4360, -0.2123,  0.0300, -0.2335,
          0.1218, -0.1845, -0.0459,  0.2217, -0.1651,  0.0191, -0.4839,  0.0105,
          0.0591, -0.0824,  0.1837,  0.4328],
        [ 0.0157, -0.2024, -0.1263, -0.1700, -0.4896, -0.2222, -0.0430,  0.5165,
          0.0409, -0.2266, -0.0712,  0.3337, -0.1334,  0.1140, -0.0655, -0.2787,
         -0.0053,  0.0898,  0.0299,  0.2552],
        [ 0.2768, -0.1194, -0.0192,  0.3118, -0.1199, -0.3700, -0.1139, -0.1494,
          0.3453, -0.0493, -0.1981, -0.1977, -0.0216, -0.3360, -0.0758, -0.1440,
          0.4116,  0.2333, -0.1812, -0.1684],
        [-0.0428,  0.2031, -0.2736, -0.0097,  0.0814, -0.3782, -0.0010,  0.0752,
          0.5046,  0.4420,  0.2474, -0.1119, -0.2299,  0.1139,  0.1502,  0.0017,
         -0.3011, -0.0210,  0.1313,  0.0784],
        [-0.0570, -0.1064,  0.0947, -0.1635, -0.0673, -0.4193,  0.2802, -0.1456,
          0.0984, -0.2312, -0.4904,  0.0342,  0.2027,  0.0779,  0.2657,  0.2712,
         -0.2201, -0.2461,  0.1582, -0.1988],
        [ 0.0829, -0.0554, -0.3069, -0.3368, -0.0026, -0.1918,  0.2211, -0.2985,
         -0.0458, -0.1411,  0.4210, -0.0371,  0.3354,  0.3635, -0.0597, -0.0923,
          0.3341,  0.1678,  0.0734, -0.0714],
        [-0.1983,  0.0489,  0.0558, -0.3088,  0.2165, -0.0971,  0.0309,  0.0691,
         -0.1537,  0.0236,  0.0077,  0.0788, -0.0497, -0.4965,  0.0428, -0.2955,
         -0.0565,  0.3637,  0.4609, -0.2852],
        [ 0.0898, -0.4394,  0.0865,  0.2309,  0.2640, -0.0511,  0.0555, -0.0183,
         -0.1110,  0.1492, -0.0588, -0.0589,  0.2717,  0.2027,  0.1759, -0.5230,
         -0.3802,  0.1501, -0.1793,  0.0477],
        [ 0.1351,  0.3016, -0.2432,  0.2645,  0.2141, -0.0244,  0.0697,  0.2070,
         -0.1594,  0.3263, -0.3681,  0.3494,  0.1615,  0.2249, -0.0131, -0.1129,
          0.3468, -0.1027,  0.2181, -0.1001],
        [-0.0773, -0.1490,  0.4979,  0.0384, -0.0418, -0.3713, -0.3340,  0.1704,
         -0.1681,  0.2990,  0.2291,  0.1451,  0.1590,  0.1820, -0.1196,  0.3397,
          0.0811,  0.1453,  0.0077, -0.1877],
        [-0.1236,  0.0484,  0.0011,  0.4615,  0.0376,  0.1025,  0.2606,  0.0774,
          0.1118, -0.2871,  0.1615,  0.2206, -0.0240,  0.0704,  0.3726,  0.2913,
          0.0018,  0.5223,  0.0890,  0.0620],
        [ 0.5678, -0.1902, -0.1098, -0.0234,  0.0549,  0.0935, -0.3537, -0.2876,
         -0.0396, -0.1162,  0.0355,  0.3093, -0.3529,  0.1315,  0.0833,  0.0859,
         -0.1867,  0.0131,  0.2535, -0.2042],
        [-0.1217, -0.5258, -0.3474, -0.1333, -0.0632,  0.1386,  0.2706, -0.0442,
         -0.0814,  0.4426, -0.1684,  0.0977, -0.1709, -0.1229, -0.1020,  0.3322,
          0.0579,  0.1878, -0.1595, -0.0484],
        [ 0.1403,  0.0711,  0.4338, -0.2427,  0.1027,  0.1110,  0.3742, -0.0493,
          0.3338,  0.1153,  0.1109,  0.4610, -0.1488, -0.0202,  0.0777, -0.1767,
          0.1375, -0.0953, -0.3285, -0.1328],
        [-0.1227,  0.0497,  0.0522, -0.0097, -0.0495, -0.2942, -0.0309, -0.2717,
         -0.4535,  0.1030,  0.0206,  0.0052, -0.3759, -0.0354,  0.5090, -0.1084,
          0.2585, -0.0947, -0.1230,  0.3080],
        [-0.1365,  0.2606, -0.1251,  0.0570, -0.3330, -0.0229, -0.1861, -0.4532,
          0.0051,  0.1449, -0.0291,  0.4456,  0.3599, -0.2233, -0.0883, -0.0435,
         -0.2757,  0.1247, -0.1488,  0.1408]], device='cuda:0',
       grad_fn=<LinalgSvdBackward0>),
    'Vt': tensor([[ 6.9225e-02,  2.4452e-01, -2.6337e-02, -1.6212e-01,  3.5464e-02,
          8.1051e-03, -1.8276e-01,  2.3007e-01,  2.5722e-01,  2.4788e-01,
          4.6299e-01, -1.3158e-01,  1.9053e-01,  1.9242e-01,  1.8502e-01,
          5.0277e-01,  3.3672e-02, -2.3703e-01, -8.2013e-02, -1.9266e-01],
        [-8.1560e-02, -1.4341e-01, -1.5035e-01,  1.8467e-01, -1.7998e-01,
         -4.4574e-01,  7.4264e-02,  1.6010e-01,  1.9746e-01,  1.1468e-01,
         -2.3339e-01,  9.5628e-02,  4.5756e-01,  3.9697e-02, -4.8760e-01,
          2.4140e-01, -8.1980e-02, -1.6961e-04,  1.2449e-01,  9.4452e-02],
        [-6.8218e-02,  1.5200e-01, -1.2857e-01,  2.8541e-01, -4.2457e-02,
         -9.1919e-02, -5.9046e-02, -6.4158e-02, -3.5497e-01,  3.8773e-01,
          2.2064e-01,  2.0041e-01, -2.6124e-01, -2.5162e-02, -1.8721e-01,
         -1.3710e-01,  6.2958e-03, -3.4939e-01,  4.3304e-01, -2.4260e-01],
        [-1.4483e-01, -6.5389e-02, -1.0802e-01,  2.4075e-01, -1.3172e-01,
          4.4300e-01,  6.3717e-02, -3.9526e-03, -2.2583e-01, -2.1108e-01,
         -4.6081e-02, -1.5934e-02,  2.6976e-01,  4.2011e-01,  1.1518e-01,
          1.9510e-01, -4.5029e-02,  3.1334e-01,  3.2247e-01, -2.9107e-01],
        [-1.9745e-01, -2.2354e-01,  1.0976e-01, -4.0617e-01, -4.2292e-01,
          9.0975e-02,  1.1897e-01,  2.4352e-01,  2.0129e-02,  1.3646e-02,
          2.8427e-01,  2.1263e-01,  2.0836e-01, -2.7071e-01, -6.4917e-02,
         -3.0131e-01,  1.6086e-01,  7.5960e-02,  4.0875e-03, -3.2165e-01],
        [-2.3240e-01,  2.9375e-01, -4.8267e-02,  1.3100e-01,  3.0292e-01,
          1.7216e-01, -6.5924e-02, -5.3723e-02, -9.3543e-02,  2.2661e-01,
          2.7996e-02, -1.7439e-02,  1.2563e-01,  1.9195e-02, -4.2327e-01,
         -1.1001e-01,  3.2157e-01,  2.9578e-01, -4.7498e-01, -1.6274e-01],
        [ 2.0934e-01, -4.8541e-02,  1.7814e-01,  3.4923e-01, -1.2060e-01,
         -1.4675e-02,  5.8312e-02, -3.5369e-02,  1.7492e-01, -4.7472e-01,
          4.8547e-01,  2.2561e-01, -2.4848e-01,  4.2720e-02, -3.0446e-01,
          1.5119e-01,  2.1004e-01,  6.7348e-02, -5.4312e-02,  8.6389e-02],
        [-1.2653e-01, -2.7509e-03,  4.7394e-02,  2.8761e-01, -4.0629e-02,
          2.4558e-01,  5.7267e-01, -7.9059e-02,  2.0739e-01,  3.9961e-01,
          1.9163e-01,  1.8533e-01,  1.1343e-01, -1.7540e-02,  2.3300e-01,
         -6.2512e-02, -1.3663e-01,  3.7771e-03, -9.5894e-02,  3.6033e-01],
        [-1.0703e-01,  3.1387e-01, -1.0997e-01, -2.1819e-01, -5.7106e-02,
         -3.9286e-01,  2.6740e-01, -1.3318e-01, -1.4812e-01, -2.1358e-01,
         -2.6013e-02,  4.2490e-01, -8.7174e-04,  4.5758e-01,  1.5958e-01,
         -8.2022e-02, -7.5587e-02, -8.0737e-02, -2.6056e-01, -1.1406e-01],
        [-3.0629e-01,  1.0442e-01,  5.1591e-02, -2.2438e-03, -2.5124e-01,
          7.4191e-02, -3.1266e-02,  1.4326e-01, -2.1020e-01,  4.3400e-02,
         -2.8055e-01,  2.8281e-01, -3.0748e-01, -3.0983e-01,  1.2053e-01,
          5.8047e-01,  1.6378e-01,  6.4206e-02, -1.2083e-01,  1.0083e-01],
        [-1.8510e-01,  1.9510e-01,  3.6278e-01,  1.6174e-01, -8.4708e-02,
         -5.3283e-03, -2.8166e-01, -5.8431e-01,  2.4862e-01, -1.0198e-01,
         -8.5811e-02,  1.4450e-01,  3.1845e-01, -2.4027e-01,  1.3492e-01,
          1.2454e-03, -5.0832e-02, -1.5300e-01,  4.9285e-02, -1.8902e-01],
        [-1.3395e-02,  5.9488e-02,  4.8570e-01, -1.0031e-02,  3.5184e-01,
          1.2711e-01, -2.2922e-01,  4.6076e-01, -3.9147e-02, -1.3225e-02,
         -1.0915e-01,  4.2738e-01,  1.4974e-01,  1.8078e-01, -6.9988e-03,
         -1.3838e-01, -8.5241e-03, -8.6029e-02,  1.7141e-01,  2.1920e-01],
        [ 1.6745e-01,  2.0992e-01, -2.4690e-01, -5.5294e-02,  1.8210e-01,
         -1.6051e-01, -6.8595e-02, -4.6998e-02, -3.7212e-01, -1.2554e-01,
          3.2233e-01,  1.3192e-01,  3.6795e-01, -4.0058e-01,  1.5345e-01,
          5.8948e-02, -4.9229e-02,  3.1209e-01,  1.5564e-01,  2.7492e-01],
        [ 2.7167e-01,  2.2939e-01,  7.0509e-02, -1.2464e-01, -4.3608e-01,
          2.8456e-01, -1.1208e-02, -1.0618e-01, -3.0959e-01, -1.6080e-02,
         -8.4885e-02, -1.5443e-01,  2.4579e-01,  1.3270e-01, -2.0197e-01,
         -4.0116e-02,  2.0863e-01, -3.6563e-01, -9.3640e-02,  3.7010e-01],
        [ 3.7440e-01,  1.6731e-01, -3.8844e-01,  3.3866e-01, -1.2995e-01,
          1.8379e-01, -1.1974e-01,  3.1101e-01,  1.8539e-01, -9.8078e-02,
         -2.2466e-01,  2.4338e-01,  6.5148e-02, -2.0740e-01,  1.6420e-01,
         -1.9161e-01, -8.9650e-02, -1.3087e-01, -2.4080e-01, -2.3821e-01],
        [ 9.8083e-02,  2.2391e-01,  2.0818e-02, -1.9701e-02, -4.2299e-01,
         -1.0484e-01, -3.9087e-01, -2.6815e-02,  2.0567e-01,  2.9992e-01,
          2.3590e-02,  5.5409e-02, -1.9148e-01,  2.3415e-01,  6.3439e-02,
         -1.8222e-01, -5.8818e-02,  5.2894e-01,  1.0182e-01,  1.9446e-01],
        [-3.4613e-01, -3.2977e-01, -4.8857e-01, -1.2332e-01,  5.7270e-02,
          2.2643e-01, -4.0388e-01, -1.7003e-01,  1.1781e-01, -7.6096e-02,
          1.4522e-01,  2.5724e-01, -1.3077e-02,  1.2806e-01, -5.2170e-02,
         -3.7293e-02, -3.4715e-02, -2.0266e-01, -8.3428e-02,  3.0677e-01],
        [ 4.4408e-01, -2.1816e-02, -5.3863e-02, -4.0151e-01,  1.6759e-01,
          2.7878e-01,  1.4770e-01, -3.0100e-01,  1.4883e-01,  1.8001e-01,
         -1.4089e-01,  3.7438e-01, -7.3152e-02, -2.7121e-02, -2.8314e-01,
          2.2799e-01, -9.7187e-02,  1.1488e-01,  1.5416e-01, -1.4416e-01],
        [-2.8056e-01,  5.3232e-01, -2.1363e-01, -1.6325e-01,  6.0329e-02,
          1.2739e-01,  2.0293e-01,  1.2027e-01,  3.8187e-01, -2.6058e-01,
         -7.5227e-02, -1.3356e-01, -1.0294e-01, -1.0034e-01, -1.2052e-01,
         -1.0044e-01,  1.4219e-01, -4.5176e-02,  4.1397e-01,  1.1829e-01],
        [-1.5173e-01,  1.8768e-01,  1.1571e-01, -5.2596e-02, -9.4271e-02,
          1.5926e-01, -3.5696e-02,  1.0360e-01, -1.1300e-01, -1.1900e-01,
          1.3776e-01, -1.0290e-01, -9.1207e-02, -9.7853e-02, -3.1362e-01,
          3.3861e-02, -8.2128e-01,  2.8618e-04, -1.7537e-01, -1.3582e-02]],
       device='cuda:0', grad_fn=<LinalgSvdBackward0>)}
