WARNING: All log messages before absl::InitializeLog() is called are written to STDERR
I0000 00:00:1781419901.415537  265250 port.cc:153] oneDNN custom operations are on. You may see slightly different numerical results due to floating-point round-off errors from different computation orders. To turn them off, set the environment variable `TF_ENABLE_ONEDNN_OPTS=0`.
I0000 00:00:1781419901.455987  265250 cpu_feature_guard.cc:227] This TensorFlow binary is optimized to use available CPU instructions in performance-critical operations.
To enable the following instructions: AVX2 AVX512F AVX512_VNNI AVX512_BF16 FMA, in other operations, rebuild TensorFlow with the appropriate compiler flags.
WARNING: All log messages before absl::InitializeLog() is called are written to STDERR
I0000 00:00:1781419902.432171  265250 port.cc:153] oneDNN custom operations are on. You may see slightly different numerical results due to floating-point round-off errors from different computation orders. To turn them off, set the environment variable `TF_ENABLE_ONEDNN_OPTS=0`.

FrameworkSingle DuelFinished 420 Problem since line 4
Last lines before problem: 
1 > 
2 > A = torch.randn(10, 10)
3 > A = torch.mm(A, A.t())
4 > (eigenvalues, eigenvectors) = torch.linalg.eigh(A)
VarInconsistentCatch 
diff:['eigenvectors']
CPU:
{   'A': tensor([[ 5.2283,  1.2093,  1.9841,  2.4773,  3.5968,  0.6734,  0.4369, -2.5355,
          0.2243, -0.2551],
        [ 1.2093, 14.4269, -0.4954, -1.4025, -3.6342,  4.7242, -1.8282, -3.5964,
          2.5170, -0.2412],
        [ 1.9841, -0.4954,  9.6768,  1.9319,  2.1818,  2.9637, -0.0828, -3.4303,
          4.2217,  2.2997],
        [ 2.4773, -1.4025,  1.9319,  5.7870,  3.0634, -3.6024,  1.5449,  3.7149,
          2.3668,  1.9573],
        [ 3.5968, -3.6342,  2.1818,  3.0634, 12.1843, -1.9716,  4.7190,  1.5031,
         -1.6364,  2.8698],
        [ 0.6734,  4.7242,  2.9637, -3.6024, -1.9716, 11.9178, -2.8806, -7.8494,
         -1.5109,  0.0777],
        [ 0.4369, -1.8282, -0.0828,  1.5449,  4.7190, -2.8806,  9.2660,  5.7163,
          3.4025,  0.8120],
        [-2.5355, -3.5964, -3.4303,  3.7149,  1.5031, -7.8494,  5.7163, 11.6742,
          1.7386,  0.5156],
        [ 0.2243,  2.5170,  4.2217,  2.3668, -1.6364, -1.5109,  3.4025,  1.7386,
          7.0480,  1.5293],
        [-0.2551, -0.2412,  2.2997,  1.9573,  2.8698,  0.0777,  0.8120,  0.5156,
          1.5293,  3.7033]]),
    'PassFlattenCallTempVar1': tensor([[-0.0070,  2.6453,  0.0938, -0.7084,  0.7749,  1.7159, -0.3220, -0.8618,
         -0.4906,  0.3829],
        [ 0.5044,  0.2654, -2.0492, -0.2842, -0.1788, -0.2882,  0.0683,  0.5932,
         -1.2063, -0.9156],
        [ 0.6704,  0.9235,  1.0550,  1.6243, -0.4155,  0.4785, -0.5458,  0.3936,
          0.9993,  0.7887],
        [-0.3829, -0.4376, -0.6222, -0.3222, -0.4477, -0.1268, -2.4354, -1.2349,
         -1.4084,  0.3620],
        [ 0.0302,  2.0182, -0.8859,  0.2299, -0.9933, -1.5025,  0.1148,  0.4804,
          1.0682, -0.1693],
        [ 0.3826,  1.3498,  0.1494, -0.9675, -1.6647,  2.1325, -0.6670, -2.4358,
          0.3328, -0.3699],
        [-0.5131, -0.2523,  0.7684, -0.6336, -0.0118,  0.1452,  0.6006, -0.1385,
          0.7771,  0.6926],
        [ 0.7104, -0.0355,  0.4066,  0.7566,  1.4460, -1.2969,  0.6718,  0.0612,
          0.5947,  0.5808],
        [ 1.8092, -0.0646,  1.3646,  0.3524,  1.4694,  0.3517, -0.3448, -1.6134,
         -0.2328, -0.2792],
        [ 0.4352, -0.5918, -0.7372,  0.6126,  1.7807,  0.1162,  1.2409,  0.3318,
         -0.3262,  0.9512]]),
    'PassLogTorchIntermediateTempVar1_A': tensor([[-0.0070,  0.5044,  0.6704, -0.3829,  0.0302,  0.3826, -0.5131,  0.7104,
          1.8092,  0.4352],
        [ 2.6453,  0.2654,  0.9235, -0.4376,  2.0182,  1.3498, -0.2523, -0.0355,
         -0.0646, -0.5918],
        [ 0.0938, -2.0492,  1.0550, -0.6222, -0.8859,  0.1494,  0.7684,  0.4066,
          1.3646, -0.7372],
        [-0.7084, -0.2842,  1.6243, -0.3222,  0.2299, -0.9675, -0.6336,  0.7566,
          0.3524,  0.6126],
        [ 0.7749, -0.1788, -0.4155, -0.4477, -0.9933, -1.6647, -0.0118,  1.4460,
          1.4694,  1.7807],
        [ 1.7159, -0.2882,  0.4785, -0.1268, -1.5025,  2.1325,  0.1452, -1.2969,
          0.3517,  0.1162],
        [-0.3220,  0.0683, -0.5458, -2.4354,  0.1148, -0.6670,  0.6006,  0.6718,
         -0.3448,  1.2409],
        [-0.8618,  0.5932,  0.3936, -1.2349,  0.4804, -2.4358, -0.1385,  0.0612,
         -1.6134,  0.3318],
        [-0.4906, -1.2063,  0.9993, -1.4084,  1.0682,  0.3328,  0.7771,  0.5947,
         -0.2328, -0.3262],
        [ 0.3829, -0.9156,  0.7887,  0.3620, -0.1693, -0.3699,  0.6926,  0.5808,
         -0.2792,  0.9512]]),
    'PassLogTorchIntermediateTempVar2_PassFlattenCallTempVar1': tensor([[-0.0070,  2.6453,  0.0938, -0.7084,  0.7749,  1.7159, -0.3220, -0.8618,
         -0.4906,  0.3829],
        [ 0.5044,  0.2654, -2.0492, -0.2842, -0.1788, -0.2882,  0.0683,  0.5932,
         -1.2063, -0.9156],
        [ 0.6704,  0.9235,  1.0550,  1.6243, -0.4155,  0.4785, -0.5458,  0.3936,
          0.9993,  0.7887],
        [-0.3829, -0.4376, -0.6222, -0.3222, -0.4477, -0.1268, -2.4354, -1.2349,
         -1.4084,  0.3620],
        [ 0.0302,  2.0182, -0.8859,  0.2299, -0.9933, -1.5025,  0.1148,  0.4804,
          1.0682, -0.1693],
        [ 0.3826,  1.3498,  0.1494, -0.9675, -1.6647,  2.1325, -0.6670, -2.4358,
          0.3328, -0.3699],
        [-0.5131, -0.2523,  0.7684, -0.6336, -0.0118,  0.1452,  0.6006, -0.1385,
          0.7771,  0.6926],
        [ 0.7104, -0.0355,  0.4066,  0.7566,  1.4460, -1.2969,  0.6718,  0.0612,
          0.5947,  0.5808],
        [ 1.8092, -0.0646,  1.3646,  0.3524,  1.4694,  0.3517, -0.3448, -1.6134,
         -0.2328, -0.2792],
        [ 0.4352, -0.5918, -0.7372,  0.6126,  1.7807,  0.1162,  1.2409,  0.3318,
         -0.3262,  0.9512]]),
    'PassLogTorchIntermediateTempVar3_A': tensor([[ 5.2283,  1.2093,  1.9841,  2.4773,  3.5968,  0.6734,  0.4369, -2.5355,
          0.2243, -0.2551],
        [ 1.2093, 14.4269, -0.4954, -1.4025, -3.6342,  4.7242, -1.8282, -3.5964,
          2.5170, -0.2412],
        [ 1.9841, -0.4954,  9.6768,  1.9319,  2.1818,  2.9637, -0.0828, -3.4303,
          4.2217,  2.2997],
        [ 2.4773, -1.4025,  1.9319,  5.7870,  3.0634, -3.6024,  1.5449,  3.7149,
          2.3668,  1.9573],
        [ 3.5968, -3.6342,  2.1818,  3.0634, 12.1843, -1.9716,  4.7190,  1.5031,
         -1.6364,  2.8698],
        [ 0.6734,  4.7242,  2.9637, -3.6024, -1.9716, 11.9178, -2.8806, -7.8494,
         -1.5109,  0.0777],
        [ 0.4369, -1.8282, -0.0828,  1.5449,  4.7190, -2.8806,  9.2660,  5.7163,
          3.4025,  0.8120],
        [-2.5355, -3.5964, -3.4303,  3.7149,  1.5031, -7.8494,  5.7163, 11.6742,
          1.7386,  0.5156],
        [ 0.2243,  2.5170,  4.2217,  2.3668, -1.6364, -1.5109,  3.4025,  1.7386,
          7.0480,  1.5293],
        [-0.2551, -0.2412,  2.2997,  1.9573,  2.8698,  0.0777,  0.8120,  0.5156,
          1.5293,  3.7033]]),
    'eigenvalues': tensor([1.2906e-05, 1.1888e-01, 1.8075e+00, 3.3263e+00, 4.6283e+00, 7.6186e+00,
        1.0261e+01, 1.4874e+01, 1.8596e+01, 2.9682e+01]),
    'eigenvectors': tensor([[ 0.0207,  0.5821, -0.1150,  0.3103, -0.4953,  0.3700, -0.2385,  0.0393,
          0.3322, -0.0146],
        [-0.1399, -0.0427,  0.2111, -0.1528,  0.1646,  0.1722, -0.5205, -0.6446,
          0.0374, -0.4076],
        [-0.3081,  0.0861,  0.5307, -0.0975,  0.0245, -0.0245,  0.5097, -0.0748,
          0.5786, -0.0718],
        [-0.1756, -0.5501, -0.1940,  0.5190,  0.1485,  0.4448,  0.0625, -0.1516,
          0.2228,  0.2512],
        [ 0.3718, -0.1762,  0.1875, -0.2570,  0.1852, -0.0110, -0.4845,  0.3157,
          0.5079,  0.3205],
        [ 0.2164, -0.0302, -0.0290,  0.5860,  0.1918, -0.4972, -0.0739,  0.1130,
          0.2334, -0.5014],
        [-0.4352, -0.1060, -0.1818,  0.0075, -0.3550, -0.6073, -0.2372, -0.2402,
          0.1640,  0.3614],
        [ 0.1508,  0.3601,  0.4316,  0.3869,  0.2998, -0.1091, -0.0394, -0.2707,
         -0.2572,  0.5186],
        [ 0.6434, -0.0465, -0.2501, -0.1330, -0.1775, -0.0819,  0.3275, -0.5551,
          0.2098,  0.0770],
        [-0.2074,  0.4175, -0.5524, -0.1570,  0.6216, -0.0170,  0.0569, -0.0530,
          0.2330,  0.0765]])}
GPU:
{   'A': tensor([[ 5.2283,  1.2093,  1.9841,  2.4773,  3.5968,  0.6734,  0.4369, -2.5355,
          0.2243, -0.2551],
        [ 1.2093, 14.4269, -0.4954, -1.4025, -3.6342,  4.7242, -1.8282, -3.5964,
          2.5170, -0.2412],
        [ 1.9841, -0.4954,  9.6768,  1.9319,  2.1818,  2.9637, -0.0828, -3.4303,
          4.2217,  2.2997],
        [ 2.4773, -1.4025,  1.9319,  5.7870,  3.0634, -3.6024,  1.5449,  3.7149,
          2.3668,  1.9573],
        [ 3.5968, -3.6342,  2.1818,  3.0634, 12.1843, -1.9716,  4.7190,  1.5031,
         -1.6364,  2.8698],
        [ 0.6734,  4.7242,  2.9637, -3.6024, -1.9716, 11.9178, -2.8806, -7.8494,
         -1.5109,  0.0777],
        [ 0.4369, -1.8282, -0.0828,  1.5449,  4.7190, -2.8806,  9.2660,  5.7163,
          3.4025,  0.8120],
        [-2.5355, -3.5964, -3.4303,  3.7149,  1.5031, -7.8494,  5.7163, 11.6742,
          1.7386,  0.5156],
        [ 0.2243,  2.5170,  4.2217,  2.3668, -1.6364, -1.5109,  3.4025,  1.7386,
          7.0480,  1.5293],
        [-0.2551, -0.2412,  2.2997,  1.9573,  2.8698,  0.0777,  0.8120,  0.5156,
          1.5293,  3.7033]], device='cuda:0'),
    'PassFlattenCallTempVar1': tensor([[-0.0070,  2.6453,  0.0938, -0.7084,  0.7749,  1.7159, -0.3220, -0.8618,
         -0.4906,  0.3829],
        [ 0.5044,  0.2654, -2.0492, -0.2842, -0.1788, -0.2882,  0.0683,  0.5932,
         -1.2063, -0.9156],
        [ 0.6704,  0.9235,  1.0550,  1.6243, -0.4155,  0.4785, -0.5458,  0.3936,
          0.9993,  0.7887],
        [-0.3829, -0.4376, -0.6222, -0.3222, -0.4477, -0.1268, -2.4354, -1.2349,
         -1.4084,  0.3620],
        [ 0.0302,  2.0182, -0.8859,  0.2299, -0.9933, -1.5025,  0.1148,  0.4804,
          1.0682, -0.1693],
        [ 0.3826,  1.3498,  0.1494, -0.9675, -1.6647,  2.1325, -0.6670, -2.4358,
          0.3328, -0.3699],
        [-0.5131, -0.2523,  0.7684, -0.6336, -0.0118,  0.1452,  0.6006, -0.1385,
          0.7771,  0.6926],
        [ 0.7104, -0.0355,  0.4066,  0.7566,  1.4460, -1.2969,  0.6718,  0.0612,
          0.5947,  0.5808],
        [ 1.8092, -0.0646,  1.3646,  0.3524,  1.4694,  0.3517, -0.3448, -1.6134,
         -0.2328, -0.2792],
        [ 0.4352, -0.5918, -0.7372,  0.6126,  1.7807,  0.1162,  1.2409,  0.3318,
         -0.3262,  0.9512]], device='cuda:0'),
    'PassLogTorchIntermediateTempVar1_A': tensor([[-0.0070,  0.5044,  0.6704, -0.3829,  0.0302,  0.3826, -0.5131,  0.7104,
          1.8092,  0.4352],
        [ 2.6453,  0.2654,  0.9235, -0.4376,  2.0182,  1.3498, -0.2523, -0.0355,
         -0.0646, -0.5918],
        [ 0.0938, -2.0492,  1.0550, -0.6222, -0.8859,  0.1494,  0.7684,  0.4066,
          1.3646, -0.7372],
        [-0.7084, -0.2842,  1.6243, -0.3222,  0.2299, -0.9675, -0.6336,  0.7566,
          0.3524,  0.6126],
        [ 0.7749, -0.1788, -0.4155, -0.4477, -0.9933, -1.6647, -0.0118,  1.4460,
          1.4694,  1.7807],
        [ 1.7159, -0.2882,  0.4785, -0.1268, -1.5025,  2.1325,  0.1452, -1.2969,
          0.3517,  0.1162],
        [-0.3220,  0.0683, -0.5458, -2.4354,  0.1148, -0.6670,  0.6006,  0.6718,
         -0.3448,  1.2409],
        [-0.8618,  0.5932,  0.3936, -1.2349,  0.4804, -2.4358, -0.1385,  0.0612,
         -1.6134,  0.3318],
        [-0.4906, -1.2063,  0.9993, -1.4084,  1.0682,  0.3328,  0.7771,  0.5947,
         -0.2328, -0.3262],
        [ 0.3829, -0.9156,  0.7887,  0.3620, -0.1693, -0.3699,  0.6926,  0.5808,
         -0.2792,  0.9512]], device='cuda:0'),
    'PassLogTorchIntermediateTempVar2_PassFlattenCallTempVar1': tensor([[-0.0070,  2.6453,  0.0938, -0.7084,  0.7749,  1.7159, -0.3220, -0.8618,
         -0.4906,  0.3829],
        [ 0.5044,  0.2654, -2.0492, -0.2842, -0.1788, -0.2882,  0.0683,  0.5932,
         -1.2063, -0.9156],
        [ 0.6704,  0.9235,  1.0550,  1.6243, -0.4155,  0.4785, -0.5458,  0.3936,
          0.9993,  0.7887],
        [-0.3829, -0.4376, -0.6222, -0.3222, -0.4477, -0.1268, -2.4354, -1.2349,
         -1.4084,  0.3620],
        [ 0.0302,  2.0182, -0.8859,  0.2299, -0.9933, -1.5025,  0.1148,  0.4804,
          1.0682, -0.1693],
        [ 0.3826,  1.3498,  0.1494, -0.9675, -1.6647,  2.1325, -0.6670, -2.4358,
          0.3328, -0.3699],
        [-0.5131, -0.2523,  0.7684, -0.6336, -0.0118,  0.1452,  0.6006, -0.1385,
          0.7771,  0.6926],
        [ 0.7104, -0.0355,  0.4066,  0.7566,  1.4460, -1.2969,  0.6718,  0.0612,
          0.5947,  0.5808],
        [ 1.8092, -0.0646,  1.3646,  0.3524,  1.4694,  0.3517, -0.3448, -1.6134,
         -0.2328, -0.2792],
        [ 0.4352, -0.5918, -0.7372,  0.6126,  1.7807,  0.1162,  1.2409,  0.3318,
         -0.3262,  0.9512]], device='cuda:0'),
    'PassLogTorchIntermediateTempVar3_A': tensor([[ 5.2283,  1.2093,  1.9841,  2.4773,  3.5968,  0.6734,  0.4369, -2.5355,
          0.2243, -0.2551],
        [ 1.2093, 14.4269, -0.4954, -1.4025, -3.6342,  4.7242, -1.8282, -3.5964,
          2.5170, -0.2412],
        [ 1.9841, -0.4954,  9.6768,  1.9319,  2.1818,  2.9637, -0.0828, -3.4303,
          4.2217,  2.2997],
        [ 2.4773, -1.4025,  1.9319,  5.7870,  3.0634, -3.6024,  1.5449,  3.7149,
          2.3668,  1.9573],
        [ 3.5968, -3.6342,  2.1818,  3.0634, 12.1843, -1.9716,  4.7190,  1.5031,
         -1.6364,  2.8698],
        [ 0.6734,  4.7242,  2.9637, -3.6024, -1.9716, 11.9178, -2.8806, -7.8494,
         -1.5109,  0.0777],
        [ 0.4369, -1.8282, -0.0828,  1.5449,  4.7190, -2.8806,  9.2660,  5.7163,
          3.4025,  0.8120],
        [-2.5355, -3.5964, -3.4303,  3.7149,  1.5031, -7.8494,  5.7163, 11.6742,
          1.7386,  0.5156],
        [ 0.2243,  2.5170,  4.2217,  2.3668, -1.6364, -1.5109,  3.4025,  1.7386,
          7.0480,  1.5293],
        [-0.2551, -0.2412,  2.2997,  1.9573,  2.8698,  0.0777,  0.8120,  0.5156,
          1.5293,  3.7033]], device='cuda:0'),
    'eigenvalues': tensor([1.1271e-05, 1.1888e-01, 1.8075e+00, 3.3263e+00, 4.6283e+00, 7.6186e+00,
        1.0261e+01, 1.4874e+01, 1.8596e+01, 2.9682e+01], device='cuda:0'),
    'eigenvectors': tensor([[-0.0207,  0.5821,  0.1150, -0.3103,  0.4953, -0.3700,  0.2385, -0.0393,
          0.3322, -0.0146],
        [ 0.1399, -0.0427, -0.2111,  0.1528, -0.1646, -0.1722,  0.5205,  0.6446,
          0.0374, -0.4076],
        [ 0.3081,  0.0861, -0.5307,  0.0975, -0.0245,  0.0245, -0.5097,  0.0748,
          0.5786, -0.0718],
        [ 0.1756, -0.5501,  0.1940, -0.5190, -0.1485, -0.4448, -0.0625,  0.1516,
          0.2228,  0.2512],
        [-0.3718, -0.1762, -0.1875,  0.2570, -0.1852,  0.0110,  0.4845, -0.3157,
          0.5079,  0.3205],
        [-0.2164, -0.0302,  0.0290, -0.5860, -0.1918,  0.4972,  0.0739, -0.1130,
          0.2334, -0.5014],
        [ 0.4352, -0.1060,  0.1818, -0.0075,  0.3550,  0.6073,  0.2372,  0.2402,
          0.1640,  0.3614],
        [-0.1508,  0.3601, -0.4316, -0.3869, -0.2998,  0.1091,  0.0394,  0.2707,
         -0.2572,  0.5186],
        [-0.6434, -0.0465,  0.2501,  0.1330,  0.1775,  0.0819, -0.3275,  0.5551,
          0.2098,  0.0770],
        [ 0.2074,  0.4175,  0.5524,  0.1570, -0.6216,  0.0170, -0.0569,  0.0530,
          0.2330,  0.0765]], device='cuda:0')}
