WARNING: All log messages before absl::InitializeLog() is called are written to STDERR
I0000 00:00:1781419907.823845  265927 port.cc:153] oneDNN custom operations are on. You may see slightly different numerical results due to floating-point round-off errors from different computation orders. To turn them off, set the environment variable `TF_ENABLE_ONEDNN_OPTS=0`.
I0000 00:00:1781419907.863153  265927 cpu_feature_guard.cc:227] This TensorFlow binary is optimized to use available CPU instructions in performance-critical operations.
To enable the following instructions: AVX2 AVX512F AVX512_VNNI AVX512_BF16 FMA, in other operations, rebuild TensorFlow with the appropriate compiler flags.
WARNING: All log messages before absl::InitializeLog() is called are written to STDERR
I0000 00:00:1781419908.833074  265927 port.cc:153] oneDNN custom operations are on. You may see slightly different numerical results due to floating-point round-off errors from different computation orders. To turn them off, set the environment variable `TF_ENABLE_ONEDNN_OPTS=0`.

FrameworkSingle DuelFinished 420 Problem since line 4
Last lines before problem: 
1 > 
2 > A = torch.Tensor(np.random.normal(size=(4, 4)))
3 > A = torch.mm(A, A.t())
4 > (eigenvalues, eigenvectors) = torch.linalg.eigh(A)
VarInconsistentCatch 
diff:['eigenvectors']
CPU:
{   'A': tensor([[ 4.2404, -1.5888, -3.1968,  3.9384],
        [-1.5888,  1.3506,  2.5964, -2.5404],
        [-3.1968,  2.5964,  5.7224, -4.9093],
        [ 3.9384, -2.5404, -4.9093,  5.2642]]),
    'PassFlattenCallTempVar1': array([[-0.48539085, -1.90515385, -0.5262218 , -0.31354602],
       [ 0.33070649,  0.93853725, -0.56821116, -0.19377527],
       [ 1.31280484,  1.681251  , -0.76813595, -0.76311794],
       [-0.45737545, -2.15541652,  0.51516947,  0.37920962]]),
    'PassFlattenCallTempVar2': tensor([[-0.4854,  0.3307,  1.3128, -0.4574],
        [-1.9052,  0.9385,  1.6813, -2.1554],
        [-0.5262, -0.5682, -0.7681,  0.5152],
        [-0.3135, -0.1938, -0.7631,  0.3792]]),
    'PassLogTorchIntermediateTempVar2_A': tensor([[-0.4854, -1.9052, -0.5262, -0.3135],
        [ 0.3307,  0.9385, -0.5682, -0.1938],
        [ 1.3128,  1.6813, -0.7681, -0.7631],
        [-0.4574, -2.1554,  0.5152,  0.3792]]),
    'PassLogTorchIntermediateTempVar3_PassFlattenCallTempVar2': tensor([[-0.4854,  0.3307,  1.3128, -0.4574],
        [-1.9052,  0.9385,  1.6813, -2.1554],
        [-0.5262, -0.5682, -0.7681,  0.5152],
        [-0.3135, -0.1938, -0.7631,  0.3792]]),
    'PassLogTorchIntermediateTempVar4_A': tensor([[ 4.2404, -1.5888, -3.1968,  3.9384],
        [-1.5888,  1.3506,  2.5964, -2.5404],
        [-3.1968,  2.5964,  5.7224, -4.9093],
        [ 3.9384, -2.5404, -4.9093,  5.2642]]),
    'eigenvalues': tensor([ 0.0271,  0.3460,  1.7797, 14.4249]),
    'eigenvectors': tensor([[-0.1866,  0.3386,  0.7988, -0.4609],
        [ 0.8550,  0.3780,  0.2063,  0.2891],
        [-0.0836, -0.5707,  0.5636,  0.5913],
        [ 0.4767, -0.6456,  0.0416, -0.5952]])}
GPU:
{   'A': tensor([[ 4.2404, -1.5888, -3.1968,  3.9384],
        [-1.5888,  1.3506,  2.5964, -2.5404],
        [-3.1968,  2.5964,  5.7224, -4.9093],
        [ 3.9384, -2.5404, -4.9093,  5.2642]], device='cuda:0'),
    'PassFlattenCallTempVar1': array([[-0.48539085, -1.90515385, -0.5262218 , -0.31354602],
       [ 0.33070649,  0.93853725, -0.56821116, -0.19377527],
       [ 1.31280484,  1.681251  , -0.76813595, -0.76311794],
       [-0.45737545, -2.15541652,  0.51516947,  0.37920962]]),
    'PassFlattenCallTempVar2': tensor([[-0.4854,  0.3307,  1.3128, -0.4574],
        [-1.9052,  0.9385,  1.6813, -2.1554],
        [-0.5262, -0.5682, -0.7681,  0.5152],
        [-0.3135, -0.1938, -0.7631,  0.3792]], device='cuda:0'),
    'PassLogTorchIntermediateTempVar2_A': tensor([[-0.4854, -1.9052, -0.5262, -0.3135],
        [ 0.3307,  0.9385, -0.5682, -0.1938],
        [ 1.3128,  1.6813, -0.7681, -0.7631],
        [-0.4574, -2.1554,  0.5152,  0.3792]], device='cuda:0'),
    'PassLogTorchIntermediateTempVar3_PassFlattenCallTempVar2': tensor([[-0.4854,  0.3307,  1.3128, -0.4574],
        [-1.9052,  0.9385,  1.6813, -2.1554],
        [-0.5262, -0.5682, -0.7681,  0.5152],
        [-0.3135, -0.1938, -0.7631,  0.3792]], device='cuda:0'),
    'PassLogTorchIntermediateTempVar4_A': tensor([[ 4.2404, -1.5888, -3.1968,  3.9384],
        [-1.5888,  1.3506,  2.5964, -2.5404],
        [-3.1968,  2.5964,  5.7224, -4.9093],
        [ 3.9384, -2.5404, -4.9093,  5.2642]], device='cuda:0'),
    'eigenvalues': tensor([ 0.0271,  0.3460,  1.7797, 14.4249], device='cuda:0'),
    'eigenvectors': tensor([[-0.1866,  0.3386, -0.7988,  0.4609],
        [ 0.8550,  0.3780, -0.2063, -0.2891],
        [-0.0836, -0.5707, -0.5636, -0.5913],
        [ 0.4767, -0.6456, -0.0416,  0.5952]], device='cuda:0')}
