WARNING: All log messages before absl::InitializeLog() is called are written to STDERR
I0000 00:00:1781419864.085251  262293 port.cc:153] oneDNN custom operations are on. You may see slightly different numerical results due to floating-point round-off errors from different computation orders. To turn them off, set the environment variable `TF_ENABLE_ONEDNN_OPTS=0`.
I0000 00:00:1781419864.124165  262293 cpu_feature_guard.cc:227] This TensorFlow binary is optimized to use available CPU instructions in performance-critical operations.
To enable the following instructions: AVX2 AVX512F AVX512_VNNI AVX512_BF16 FMA, in other operations, rebuild TensorFlow with the appropriate compiler flags.
WARNING: All log messages before absl::InitializeLog() is called are written to STDERR
I0000 00:00:1781419865.100546  262293 port.cc:153] oneDNN custom operations are on. You may see slightly different numerical results due to floating-point round-off errors from different computation orders. To turn them off, set the environment variable `TF_ENABLE_ONEDNN_OPTS=0`.

FrameworkSingle DuelFinished 420 Problem since line 3
Last lines before problem: 
1 > 
2 > A = torch.randn(4, 4)
3 > (eigenvalues, eigenvectors) = torch.linalg.eigh(A, UPLO='L')
VarInconsistentCatch 
diff:['eigenvectors']
CPU:
{   'A': tensor([[-0.0070,  0.5044,  0.6704, -0.3829],
        [ 0.0302,  0.3826, -0.5131,  0.7104],
        [ 1.8092,  0.4352,  2.6453,  0.2654],
        [ 0.9235, -0.4376,  2.0182,  1.3498]]),
    'PassLogTorchIntermediateTempVar1_A': tensor([[-0.0070,  0.5044,  0.6704, -0.3829],
        [ 0.0302,  0.3826, -0.5131,  0.7104],
        [ 1.8092,  0.4352,  2.6453,  0.2654],
        [ 0.9235, -0.4376,  2.0182,  1.3498]]),
    'eigenvalues': tensor([-0.9766, -0.3912,  0.8010,  4.9376]),
    'eigenvectors': tensor([[ 0.8076, -0.4463, -0.0790,  0.3773],
        [ 0.2058,  0.5385, -0.8167,  0.0252],
        [-0.5247, -0.2551, -0.2769,  0.7635],
        [ 0.1733,  0.6677,  0.5000,  0.5235]])}
GPU:
{   'A': tensor([[-0.0070,  0.5044,  0.6704, -0.3829],
        [ 0.0302,  0.3826, -0.5131,  0.7104],
        [ 1.8092,  0.4352,  2.6453,  0.2654],
        [ 0.9235, -0.4376,  2.0182,  1.3498]], device='cuda:0'),
    'PassLogTorchIntermediateTempVar1_A': tensor([[-0.0070,  0.5044,  0.6704, -0.3829],
        [ 0.0302,  0.3826, -0.5131,  0.7104],
        [ 1.8092,  0.4352,  2.6453,  0.2654],
        [ 0.9235, -0.4376,  2.0182,  1.3498]], device='cuda:0'),
    'eigenvalues': tensor([-0.9766, -0.3912,  0.8010,  4.9376], device='cuda:0'),
    'eigenvectors': tensor([[ 0.8076, -0.4463,  0.0790,  0.3773],
        [ 0.2058,  0.5385,  0.8167,  0.0252],
        [-0.5247, -0.2551,  0.2769,  0.7635],
        [ 0.1733,  0.6677, -0.5000,  0.5235]], device='cuda:0')}
