WARNING: All log messages before absl::InitializeLog() is called are written to STDERR
I0000 00:00:1781419898.210922  265151 port.cc:153] oneDNN custom operations are on. You may see slightly different numerical results due to floating-point round-off errors from different computation orders. To turn them off, set the environment variable `TF_ENABLE_ONEDNN_OPTS=0`.
I0000 00:00:1781419898.250955  265151 cpu_feature_guard.cc:227] This TensorFlow binary is optimized to use available CPU instructions in performance-critical operations.
To enable the following instructions: AVX2 AVX512F AVX512_VNNI AVX512_BF16 FMA, in other operations, rebuild TensorFlow with the appropriate compiler flags.
WARNING: All log messages before absl::InitializeLog() is called are written to STDERR
I0000 00:00:1781419899.237617  265151 port.cc:153] oneDNN custom operations are on. You may see slightly different numerical results due to floating-point round-off errors from different computation orders. To turn them off, set the environment variable `TF_ENABLE_ONEDNN_OPTS=0`.

FrameworkSingle DuelFinished 420 Problem since line 5
Last lines before problem: 
2 > A = torch.randn(5, 5)
3 > A = torch.mm(A, A)
4 > A = torch.mm(A, A.t())
5 > (eigenvalues, eigenvectors) = torch.linalg.eigh(A)
VarInconsistentCatch 
diff:['eigenvectors']
CPU:
{   'A': tensor([[  6.5668,  -0.2433,  -6.3409,   8.5815,   3.3427],
        [ -0.2433,  10.2247,   3.9854,   1.9655,  -1.9710],
        [ -6.3409,   3.9854,  26.3486, -12.5203,  12.2014],
        [  8.5815,   1.9655, -12.5203,  17.2752,  -5.8302],
        [  3.3427,  -1.9710,  12.2014,  -5.8302,  22.9369]]),
    'PassFlattenCallTempVar1': tensor([[ 0.7314, -0.3682, -0.9787,  0.6632,  0.4579],
        [-1.5433,  1.8472, -0.1175, -1.0057, -3.0909],
        [-0.2438,  0.5691,  2.0795,  1.1789, -1.2218],
        [ 1.0159, -0.7966, -4.5699,  2.9443, -3.3181],
        [ 1.5995,  2.3913, -0.4105,  2.4011,  0.8194]]),
    'PassLogTorchIntermediateTempVar1_A': tensor([[-0.0070,  0.5044,  0.6704, -0.3829,  0.0302],
        [ 0.3826, -0.5131,  0.7104,  1.8092,  0.7538],
        [ 0.6128, -0.9300, -0.7392,  0.4839,  2.0201],
        [-0.3333,  1.6243,  0.3298,  0.4856,  0.4131],
        [-0.0021, -1.1769,  0.8036, -1.2524,  0.7749]]),
    'PassLogTorchIntermediateTempVar2_A': tensor([[ 0.7314, -1.5433, -0.2438,  1.0159,  1.5995],
        [-0.3682,  1.8472,  0.5691, -0.7966,  2.3913],
        [-0.9787, -0.1175,  2.0795, -4.5699, -0.4105],
        [ 0.6632, -1.0057,  1.1789,  2.9443,  2.4011],
        [ 0.4579, -3.0909, -1.2218, -3.3181,  0.8194]]),
    'PassLogTorchIntermediateTempVar3_PassFlattenCallTempVar1': tensor([[ 0.7314, -0.3682, -0.9787,  0.6632,  0.4579],
        [-1.5433,  1.8472, -0.1175, -1.0057, -3.0909],
        [-0.2438,  0.5691,  2.0795,  1.1789, -1.2218],
        [ 1.0159, -0.7966, -4.5699,  2.9443, -3.3181],
        [ 1.5995,  2.3913, -0.4105,  2.4011,  0.8194]]),
    'PassLogTorchIntermediateTempVar4_A': tensor([[  6.5668,  -0.2433,  -6.3409,   8.5815,   3.3427],
        [ -0.2433,  10.2247,   3.9854,   1.9655,  -1.9710],
        [ -6.3409,   3.9854,  26.3486, -12.5203,  12.2014],
        [  8.5815,   1.9655, -12.5203,  17.2752,  -5.8302],
        [  3.3427,  -1.9710,  12.2014,  -5.8302,  22.9369]]),
    'eigenvalues': tensor([3.6966e-03, 4.3181e+00, 1.3722e+01, 2.0334e+01, 4.4975e+01]),
    'eigenvectors': tensor([[ 0.8432, -0.0160, -0.1323, -0.4883, -0.1811],
        [-0.0231,  0.6222, -0.7697,  0.1382,  0.0278],
        [ 0.1573, -0.5466, -0.3968,  0.1345,  0.7078],
        [-0.4077, -0.4887, -0.4690, -0.3842, -0.4768],
        [-0.3122,  0.2739,  0.1120, -0.7595,  0.4880]])}
GPU:
{   'A': tensor([[  6.5668,  -0.2433,  -6.3409,   8.5815,   3.3427],
        [ -0.2433,  10.2247,   3.9854,   1.9655,  -1.9710],
        [ -6.3409,   3.9854,  26.3486, -12.5203,  12.2014],
        [  8.5815,   1.9655, -12.5203,  17.2752,  -5.8302],
        [  3.3427,  -1.9710,  12.2014,  -5.8302,  22.9369]], device='cuda:0'),
    'PassFlattenCallTempVar1': tensor([[ 0.7314, -0.3682, -0.9787,  0.6632,  0.4579],
        [-1.5433,  1.8472, -0.1175, -1.0057, -3.0909],
        [-0.2438,  0.5691,  2.0795,  1.1789, -1.2218],
        [ 1.0159, -0.7966, -4.5699,  2.9443, -3.3181],
        [ 1.5995,  2.3913, -0.4105,  2.4011,  0.8194]], device='cuda:0'),
    'PassLogTorchIntermediateTempVar1_A': tensor([[-0.0070,  0.5044,  0.6704, -0.3829,  0.0302],
        [ 0.3826, -0.5131,  0.7104,  1.8092,  0.7538],
        [ 0.6128, -0.9300, -0.7392,  0.4839,  2.0201],
        [-0.3333,  1.6243,  0.3298,  0.4856,  0.4131],
        [-0.0021, -1.1769,  0.8036, -1.2524,  0.7749]], device='cuda:0'),
    'PassLogTorchIntermediateTempVar2_A': tensor([[ 0.7314, -1.5433, -0.2438,  1.0159,  1.5995],
        [-0.3682,  1.8472,  0.5691, -0.7966,  2.3913],
        [-0.9787, -0.1175,  2.0795, -4.5699, -0.4105],
        [ 0.6632, -1.0057,  1.1789,  2.9443,  2.4011],
        [ 0.4579, -3.0909, -1.2218, -3.3181,  0.8194]], device='cuda:0'),
    'PassLogTorchIntermediateTempVar3_PassFlattenCallTempVar1': tensor([[ 0.7314, -0.3682, -0.9787,  0.6632,  0.4579],
        [-1.5433,  1.8472, -0.1175, -1.0057, -3.0909],
        [-0.2438,  0.5691,  2.0795,  1.1789, -1.2218],
        [ 1.0159, -0.7966, -4.5699,  2.9443, -3.3181],
        [ 1.5995,  2.3913, -0.4105,  2.4011,  0.8194]], device='cuda:0'),
    'PassLogTorchIntermediateTempVar4_A': tensor([[  6.5668,  -0.2433,  -6.3409,   8.5815,   3.3427],
        [ -0.2433,  10.2247,   3.9854,   1.9655,  -1.9710],
        [ -6.3409,   3.9854,  26.3486, -12.5203,  12.2014],
        [  8.5815,   1.9655, -12.5203,  17.2752,  -5.8302],
        [  3.3427,  -1.9710,  12.2014,  -5.8302,  22.9369]], device='cuda:0'),
    'eigenvalues': tensor([3.6976e-03, 4.3181e+00, 1.3722e+01, 2.0334e+01, 4.4975e+01],
       device='cuda:0'),
    'eigenvectors': tensor([[-0.8432, -0.0160, -0.1323, -0.4883,  0.1811],
        [ 0.0231,  0.6222, -0.7697,  0.1382, -0.0278],
        [-0.1573, -0.5466, -0.3968,  0.1345, -0.7078],
        [ 0.4077, -0.4887, -0.4690, -0.3842,  0.4768],
        [ 0.3122,  0.2739,  0.1120, -0.7595, -0.4880]], device='cuda:0')}
