WARNING: All log messages before absl::InitializeLog() is called are written to STDERR
I0000 00:00:1781419861.008844  262184 port.cc:153] oneDNN custom operations are on. You may see slightly different numerical results due to floating-point round-off errors from different computation orders. To turn them off, set the environment variable `TF_ENABLE_ONEDNN_OPTS=0`.
I0000 00:00:1781419861.048149  262184 cpu_feature_guard.cc:227] This TensorFlow binary is optimized to use available CPU instructions in performance-critical operations.
To enable the following instructions: AVX2 AVX512F AVX512_VNNI AVX512_BF16 FMA, in other operations, rebuild TensorFlow with the appropriate compiler flags.
WARNING: All log messages before absl::InitializeLog() is called are written to STDERR
I0000 00:00:1781419862.035512  262184 port.cc:153] oneDNN custom operations are on. You may see slightly different numerical results due to floating-point round-off errors from different computation orders. To turn them off, set the environment variable `TF_ENABLE_ONEDNN_OPTS=0`.

FrameworkSingle DuelFinished 420 Problem since line 3
Last lines before problem: 
1 > 
2 > A = torch.randn(10, 10)
3 > (eigenvalues, eigenvectors) = torch.linalg.eigh(A, UPLO='L')
VarInconsistentCatch 
diff:['eigenvectors']
CPU:
{   'A': tensor([[-0.0070,  0.5044,  0.6704, -0.3829,  0.0302,  0.3826, -0.5131,  0.7104,
          1.8092,  0.4352],
        [ 2.6453,  0.2654,  0.9235, -0.4376,  2.0182,  1.3498, -0.2523, -0.0355,
         -0.0646, -0.5918],
        [ 0.0938, -2.0492,  1.0550, -0.6222, -0.8859,  0.1494,  0.7684,  0.4066,
          1.3646, -0.7372],
        [-0.7084, -0.2842,  1.6243, -0.3222,  0.2299, -0.9675, -0.6336,  0.7566,
          0.3524,  0.6126],
        [ 0.7749, -0.1788, -0.4155, -0.4477, -0.9933, -1.6647, -0.0118,  1.4460,
          1.4694,  1.7807],
        [ 1.7159, -0.2882,  0.4785, -0.1268, -1.5025,  2.1325,  0.1452, -1.2969,
          0.3517,  0.1162],
        [-0.3220,  0.0683, -0.5458, -2.4354,  0.1148, -0.6670,  0.6006,  0.6718,
         -0.3448,  1.2409],
        [-0.8618,  0.5932,  0.3936, -1.2349,  0.4804, -2.4358, -0.1385,  0.0612,
         -1.6134,  0.3318],
        [-0.4906, -1.2063,  0.9993, -1.4084,  1.0682,  0.3328,  0.7771,  0.5947,
         -0.2328, -0.3262],
        [ 0.3829, -0.9156,  0.7887,  0.3620, -0.1693, -0.3699,  0.6926,  0.5808,
         -0.2792,  0.9512]]),
    'PassLogTorchIntermediateTempVar1_A': tensor([[-0.0070,  0.5044,  0.6704, -0.3829,  0.0302,  0.3826, -0.5131,  0.7104,
          1.8092,  0.4352],
        [ 2.6453,  0.2654,  0.9235, -0.4376,  2.0182,  1.3498, -0.2523, -0.0355,
         -0.0646, -0.5918],
        [ 0.0938, -2.0492,  1.0550, -0.6222, -0.8859,  0.1494,  0.7684,  0.4066,
          1.3646, -0.7372],
        [-0.7084, -0.2842,  1.6243, -0.3222,  0.2299, -0.9675, -0.6336,  0.7566,
          0.3524,  0.6126],
        [ 0.7749, -0.1788, -0.4155, -0.4477, -0.9933, -1.6647, -0.0118,  1.4460,
          1.4694,  1.7807],
        [ 1.7159, -0.2882,  0.4785, -0.1268, -1.5025,  2.1325,  0.1452, -1.2969,
          0.3517,  0.1162],
        [-0.3220,  0.0683, -0.5458, -2.4354,  0.1148, -0.6670,  0.6006,  0.6718,
         -0.3448,  1.2409],
        [-0.8618,  0.5932,  0.3936, -1.2349,  0.4804, -2.4358, -0.1385,  0.0612,
         -1.6134,  0.3318],
        [-0.4906, -1.2063,  0.9993, -1.4084,  1.0682,  0.3328,  0.7771,  0.5947,
         -0.2328, -0.3262],
        [ 0.3829, -0.9156,  0.7887,  0.3620, -0.1693, -0.3699,  0.6926,  0.5808,
         -0.2792,  0.9512]]),
    'eigenvalues': tensor([-4.4561, -3.2726, -2.5675, -1.0240, -0.5831,  0.8951,  1.5016,  2.9880,
         4.7637,  5.2653]),
    'eigenvectors': tensor([[-0.5103, -0.2930, -0.1727, -0.1144, -0.1701, -0.3817, -0.4633,  0.0545,
          0.3756, -0.2783],
        [ 0.4534,  0.1732,  0.4534, -0.2159,  0.2043, -0.1659, -0.1991, -0.2675,
          0.5738, -0.0504],
        [ 0.3161, -0.0223, -0.1414, -0.5348,  0.1725, -0.3902, -0.2624,  0.0964,
         -0.5639, -0.1242],
        [-0.4326,  0.4159,  0.4070, -0.1576, -0.2130,  0.0509, -0.0187, -0.4718,
         -0.3242, -0.2709],
        [ 0.2372,  0.4711, -0.2470,  0.1475, -0.6600, -0.3855, -0.0218,  0.0196,
          0.0657,  0.2227],
        [ 0.0526,  0.4598, -0.0718,  0.2791,  0.2336, -0.0100,  0.0286,  0.4426,
          0.0528, -0.6697],
        [-0.2242,  0.3451,  0.0439, -0.5493, -0.0491,  0.3673, -0.1181,  0.5025,
          0.1753,  0.3041],
        [-0.3120,  0.3649, -0.1575,  0.2357,  0.5888, -0.3057, -0.1616, -0.1379,
         -0.0293,  0.4507],
        [-0.1170, -0.1563,  0.6741,  0.1739, -0.0652, -0.4255,  0.1434,  0.4701,
         -0.1433,  0.1727],
        [ 0.1630, -0.0253,  0.1780,  0.3773, -0.1031,  0.3373, -0.7839,  0.0691,
         -0.2177,  0.0876]])}
GPU:
{   'A': tensor([[-0.0070,  0.5044,  0.6704, -0.3829,  0.0302,  0.3826, -0.5131,  0.7104,
          1.8092,  0.4352],
        [ 2.6453,  0.2654,  0.9235, -0.4376,  2.0182,  1.3498, -0.2523, -0.0355,
         -0.0646, -0.5918],
        [ 0.0938, -2.0492,  1.0550, -0.6222, -0.8859,  0.1494,  0.7684,  0.4066,
          1.3646, -0.7372],
        [-0.7084, -0.2842,  1.6243, -0.3222,  0.2299, -0.9675, -0.6336,  0.7566,
          0.3524,  0.6126],
        [ 0.7749, -0.1788, -0.4155, -0.4477, -0.9933, -1.6647, -0.0118,  1.4460,
          1.4694,  1.7807],
        [ 1.7159, -0.2882,  0.4785, -0.1268, -1.5025,  2.1325,  0.1452, -1.2969,
          0.3517,  0.1162],
        [-0.3220,  0.0683, -0.5458, -2.4354,  0.1148, -0.6670,  0.6006,  0.6718,
         -0.3448,  1.2409],
        [-0.8618,  0.5932,  0.3936, -1.2349,  0.4804, -2.4358, -0.1385,  0.0612,
         -1.6134,  0.3318],
        [-0.4906, -1.2063,  0.9993, -1.4084,  1.0682,  0.3328,  0.7771,  0.5947,
         -0.2328, -0.3262],
        [ 0.3829, -0.9156,  0.7887,  0.3620, -0.1693, -0.3699,  0.6926,  0.5808,
         -0.2792,  0.9512]], device='cuda:0'),
    'PassLogTorchIntermediateTempVar1_A': tensor([[-0.0070,  0.5044,  0.6704, -0.3829,  0.0302,  0.3826, -0.5131,  0.7104,
          1.8092,  0.4352],
        [ 2.6453,  0.2654,  0.9235, -0.4376,  2.0182,  1.3498, -0.2523, -0.0355,
         -0.0646, -0.5918],
        [ 0.0938, -2.0492,  1.0550, -0.6222, -0.8859,  0.1494,  0.7684,  0.4066,
          1.3646, -0.7372],
        [-0.7084, -0.2842,  1.6243, -0.3222,  0.2299, -0.9675, -0.6336,  0.7566,
          0.3524,  0.6126],
        [ 0.7749, -0.1788, -0.4155, -0.4477, -0.9933, -1.6647, -0.0118,  1.4460,
          1.4694,  1.7807],
        [ 1.7159, -0.2882,  0.4785, -0.1268, -1.5025,  2.1325,  0.1452, -1.2969,
          0.3517,  0.1162],
        [-0.3220,  0.0683, -0.5458, -2.4354,  0.1148, -0.6670,  0.6006,  0.6718,
         -0.3448,  1.2409],
        [-0.8618,  0.5932,  0.3936, -1.2349,  0.4804, -2.4358, -0.1385,  0.0612,
         -1.6134,  0.3318],
        [-0.4906, -1.2063,  0.9993, -1.4084,  1.0682,  0.3328,  0.7771,  0.5947,
         -0.2328, -0.3262],
        [ 0.3829, -0.9156,  0.7887,  0.3620, -0.1693, -0.3699,  0.6926,  0.5808,
         -0.2792,  0.9512]], device='cuda:0'),
    'eigenvalues': tensor([-4.4561, -3.2726, -2.5675, -1.0240, -0.5831,  0.8951,  1.5016,  2.9880,
         4.7637,  5.2653], device='cuda:0'),
    'eigenvectors': tensor([[ 0.5103, -0.2930,  0.1727,  0.1144, -0.1701, -0.3817,  0.4633, -0.0545,
          0.3756, -0.2783],
        [-0.4534,  0.1732, -0.4534,  0.2159,  0.2043, -0.1659,  0.1991,  0.2675,
          0.5738, -0.0504],
        [-0.3161, -0.0223,  0.1414,  0.5348,  0.1725, -0.3902,  0.2624, -0.0964,
         -0.5639, -0.1242],
        [ 0.4326,  0.4159, -0.4070,  0.1576, -0.2130,  0.0509,  0.0187,  0.4718,
         -0.3242, -0.2709],
        [-0.2372,  0.4711,  0.2470, -0.1475, -0.6600, -0.3855,  0.0218, -0.0196,
          0.0657,  0.2227],
        [-0.0526,  0.4598,  0.0718, -0.2791,  0.2336, -0.0100, -0.0286, -0.4426,
          0.0528, -0.6697],
        [ 0.2242,  0.3451, -0.0439,  0.5493, -0.0491,  0.3673,  0.1181, -0.5025,
          0.1753,  0.3041],
        [ 0.3120,  0.3649,  0.1575, -0.2357,  0.5888, -0.3057,  0.1616,  0.1379,
         -0.0293,  0.4507],
        [ 0.1170, -0.1563, -0.6741, -0.1739, -0.0652, -0.4255, -0.1434, -0.4701,
         -0.1433,  0.1727],
        [-0.1630, -0.0253, -0.1780, -0.3773, -0.1031,  0.3373,  0.7839, -0.0691,
         -0.2177,  0.0876]], device='cuda:0')}
