WARNING: All log messages before absl::InitializeLog() is called are written to STDERR
I0000 00:00:1781419870.239532  262938 port.cc:153] oneDNN custom operations are on. You may see slightly different numerical results due to floating-point round-off errors from different computation orders. To turn them off, set the environment variable `TF_ENABLE_ONEDNN_OPTS=0`.
I0000 00:00:1781419870.279601  262938 cpu_feature_guard.cc:227] This TensorFlow binary is optimized to use available CPU instructions in performance-critical operations.
To enable the following instructions: AVX2 AVX512F AVX512_VNNI AVX512_BF16 FMA, in other operations, rebuild TensorFlow with the appropriate compiler flags.
WARNING: All log messages before absl::InitializeLog() is called are written to STDERR
I0000 00:00:1781419871.254132  262938 port.cc:153] oneDNN custom operations are on. You may see slightly different numerical results due to floating-point round-off errors from different computation orders. To turn them off, set the environment variable `TF_ENABLE_ONEDNN_OPTS=0`.

FrameworkSingle DuelFinished 420 Problem since line 3
Last lines before problem: 
1 > 
2 > A = torch.randn(5, 5)
3 > (eigenvalues, eigenvectors) = torch.linalg.eigh(A, UPLO='L')
VarInconsistentCatch 
diff:['eigenvectors']
CPU:
{   'A': tensor([[-0.0070,  0.5044,  0.6704, -0.3829,  0.0302],
        [ 0.3826, -0.5131,  0.7104,  1.8092,  0.7538],
        [ 0.6128, -0.9300, -0.7392,  0.4839,  2.0201],
        [-0.3333,  1.6243,  0.3298,  0.4856,  0.4131],
        [-0.0021, -1.1769,  0.8036, -1.2524,  0.7749]]),
    'PassLogTorchIntermediateTempVar1_A': tensor([[-0.0070,  0.5044,  0.6704, -0.3829,  0.0302],
        [ 0.3826, -0.5131,  0.7104,  1.8092,  0.7538],
        [ 0.6128, -0.9300, -0.7392,  0.4839,  2.0201],
        [-0.3333,  1.6243,  0.3298,  0.4856,  0.4131],
        [-0.0021, -1.1769,  0.8036, -1.2524,  0.7749]]),
    'eigenvalues': tensor([-2.5379, -0.9059, -0.0476,  0.3370,  3.1556]),
    'eigenvectors': tensor([[ 0.2886, -0.0919,  0.5059,  0.8067, -0.0391],
        [-0.6287, -0.5758,  0.0938,  0.1247,  0.4989],
        [-0.5465,  0.4596, -0.4339,  0.5101, -0.2041],
        [ 0.4644, -0.0594, -0.6260,  0.2475,  0.5724],
        [ 0.0850, -0.6673, -0.3937,  0.1107, -0.6166]])}
GPU:
{   'A': tensor([[-0.0070,  0.5044,  0.6704, -0.3829,  0.0302],
        [ 0.3826, -0.5131,  0.7104,  1.8092,  0.7538],
        [ 0.6128, -0.9300, -0.7392,  0.4839,  2.0201],
        [-0.3333,  1.6243,  0.3298,  0.4856,  0.4131],
        [-0.0021, -1.1769,  0.8036, -1.2524,  0.7749]], device='cuda:0'),
    'PassLogTorchIntermediateTempVar1_A': tensor([[-0.0070,  0.5044,  0.6704, -0.3829,  0.0302],
        [ 0.3826, -0.5131,  0.7104,  1.8092,  0.7538],
        [ 0.6128, -0.9300, -0.7392,  0.4839,  2.0201],
        [-0.3333,  1.6243,  0.3298,  0.4856,  0.4131],
        [-0.0021, -1.1769,  0.8036, -1.2524,  0.7749]], device='cuda:0'),
    'eigenvalues': tensor([-2.5379, -0.9059, -0.0476,  0.3370,  3.1556], device='cuda:0'),
    'eigenvectors': tensor([[-0.2886, -0.0919,  0.5059,  0.8067, -0.0391],
        [ 0.6287, -0.5758,  0.0938,  0.1247,  0.4989],
        [ 0.5465,  0.4596, -0.4339,  0.5101, -0.2041],
        [-0.4644, -0.0594, -0.6260,  0.2475,  0.5724],
        [-0.0850, -0.6673, -0.3937,  0.1107, -0.6166]], device='cuda:0')}
