WARNING: All log messages before absl::InitializeLog() is called are written to STDERR
I0000 00:00:1781439443.283385 1005833 port.cc:153] oneDNN custom operations are on. You may see slightly different numerical results due to floating-point round-off errors from different computation orders. To turn them off, set the environment variable `TF_ENABLE_ONEDNN_OPTS=0`.
I0000 00:00:1781439443.320479 1005833 cpu_feature_guard.cc:227] This TensorFlow binary is optimized to use available CPU instructions in performance-critical operations.
To enable the following instructions: AVX2 AVX512F AVX512_VNNI AVX512_BF16 FMA, in other operations, rebuild TensorFlow with the appropriate compiler flags.
WARNING: All log messages before absl::InitializeLog() is called are written to STDERR
I0000 00:00:1781439444.284013 1005833 port.cc:153] oneDNN custom operations are on. You may see slightly different numerical results due to floating-point round-off errors from different computation orders. To turn them off, set the environment variable `TF_ENABLE_ONEDNN_OPTS=0`.
:14: UserWarning: To copy construct from a tensor, it is recommended to use sourceTensor.detach().clone() or sourceTensor.detach().clone().requires_grad_(True), rather than torch.tensor(sourceTensor).
:17: UserWarning: torch.qr is deprecated in favor of torch.linalg.qr and will be removed in a future PyTorch release.
The boolean parameter 'some' has been replaced with a string parameter 'mode'.
Q, R = torch.qr(A, some)
should be replaced with
Q, R = torch.linalg.qr(A, 'reduced' if some else 'complete') (Triggered internally at /pytorch/aten/src/ATen/native/BatchLinearAlgebra.cpp:2491.)
:30: UserWarning: To copy construct from a tensor, it is recommended to use sourceTensor.detach().clone() or sourceTensor.detach().clone().requires_grad_(True), rather than torch.tensor(sourceTensor).
:30: UserWarning: To copy construct from a tensor, it is recommended to use sourceTensor.detach().clone() or sourceTensor.detach().clone().requires_grad_(True), rather than torch.tensor(sourceTensor).
:14: UserWarning: To copy construct from a tensor, it is recommended to use sourceTensor.detach().clone() or sourceTensor.detach().clone().requires_grad_(True), rather than torch.tensor(sourceTensor).
:30: UserWarning: To copy construct from a tensor, it is recommended to use sourceTensor.detach().clone() or sourceTensor.detach().clone().requires_grad_(True), rather than torch.tensor(sourceTensor).
:30: UserWarning: To copy construct from a tensor, it is recommended to use sourceTensor.detach().clone() or sourceTensor.detach().clone().requires_grad_(True), rather than torch.tensor(sourceTensor).

FrameworkSingle DuelFinished 420 Problem since line 6
Last lines before problem: 
3 > input_data = torch.nn.functional.normalize(input_data, dim=1)
4 > input_data = torch.nn.functional.normalize(input_data, dim=0)
5 > input_data = input_data.repeat(3, 6)
6 > result = torch.qr(torch.tensor(input_data))[0]
VarInconsistentCatch 
diff:['result', 'PassLogTorchIntermediateTempVar7_result']
CPU:
{   'PassFlattenCallTempVar1': tensor([[-0.9626,  0.3422,  0.8200, -0.9626,  0.3422,  0.8200, -0.9626,  0.3422,
          0.8200, -0.9626,  0.3422,  0.8200, -0.9626,  0.3422,  0.8200, -0.9626,
          0.3422,  0.8200],
        [-0.2708,  0.9396,  0.5724, -0.2708,  0.9396,  0.5724, -0.2708,  0.9396,
          0.5724, -0.2708,  0.9396,  0.5724, -0.2708,  0.9396,  0.5724, -0.2708,
          0.9396,  0.5724],
        [-0.9626,  0.3422,  0.8200, -0.9626,  0.3422,  0.8200, -0.9626,  0.3422,
          0.8200, -0.9626,  0.3422,  0.8200, -0.9626,  0.3422,  0.8200, -0.9626,
          0.3422,  0.8200],
        [-0.2708,  0.9396,  0.5724, -0.2708,  0.9396,  0.5724, -0.2708,  0.9396,
          0.5724, -0.2708,  0.9396,  0.5724, -0.2708,  0.9396,  0.5724, -0.2708,
          0.9396,  0.5724],
        [-0.9626,  0.3422,  0.8200, -0.9626,  0.3422,  0.8200, -0.9626,  0.3422,
          0.8200, -0.9626,  0.3422,  0.8200, -0.9626,  0.3422,  0.8200, -0.9626,
          0.3422,  0.8200],
        [-0.2708,  0.9396,  0.5724, -0.2708,  0.9396,  0.5724, -0.2708,  0.9396,
          0.5724, -0.2708,  0.9396,  0.5724, -0.2708,  0.9396,  0.5724, -0.2708,
          0.9396,  0.5724]]),
    'PassLogTorchIntermediateTempVar1_input_data': tensor([[-1.6977,  0.6374,  0.0781],
        [-0.4140,  1.5172,  0.0473]]),
    'PassLogTorchIntermediateTempVar2_input_data': tensor([[-0.9353,  0.3512,  0.0430],
        [-0.2631,  0.9643,  0.0300]]),
    'PassLogTorchIntermediateTempVar3_input_data': tensor([[-0.9626,  0.3422,  0.8200],
        [-0.2708,  0.9396,  0.5724]]),
    'PassLogTorchIntermediateTempVar4_input_data': tensor([[-0.9626,  0.3422,  0.8200, -0.9626,  0.3422,  0.8200, -0.9626,  0.3422,
          0.8200, -0.9626,  0.3422,  0.8200, -0.9626,  0.3422,  0.8200, -0.9626,
          0.3422,  0.8200],
        [-0.2708,  0.9396,  0.5724, -0.2708,  0.9396,  0.5724, -0.2708,  0.9396,
          0.5724, -0.2708,  0.9396,  0.5724, -0.2708,  0.9396,  0.5724, -0.2708,
          0.9396,  0.5724],
        [-0.9626,  0.3422,  0.8200, -0.9626,  0.3422,  0.8200, -0.9626,  0.3422,
          0.8200, -0.9626,  0.3422,  0.8200, -0.9626,  0.3422,  0.8200, -0.9626,
          0.3422,  0.8200],
        [-0.2708,  0.9396,  0.5724, -0.2708,  0.9396,  0.5724, -0.2708,  0.9396,
          0.5724, -0.2708,  0.9396,  0.5724, -0.2708,  0.9396,  0.5724, -0.2708,
          0.9396,  0.5724],
        [-0.9626,  0.3422,  0.8200, -0.9626,  0.3422,  0.8200, -0.9626,  0.3422,
          0.8200, -0.9626,  0.3422,  0.8200, -0.9626,  0.3422,  0.8200, -0.9626,
          0.3422,  0.8200],
        [-0.2708,  0.9396,  0.5724, -0.2708,  0.9396,  0.5724, -0.2708,  0.9396,
          0.5724, -0.2708,  0.9396,  0.5724, -0.2708,  0.9396,  0.5724, -0.2708,
          0.9396,  0.5724]]),
    'PassLogTorchIntermediateTempVar5_PassFlattenCallTempVar1': tensor([[-0.9626,  0.3422,  0.8200, -0.9626,  0.3422,  0.8200, -0.9626,  0.3422,
          0.8200, -0.9626,  0.3422,  0.8200, -0.9626,  0.3422,  0.8200, -0.9626,
          0.3422,  0.8200],
        [-0.2708,  0.9396,  0.5724, -0.2708,  0.9396,  0.5724, -0.2708,  0.9396,
          0.5724, -0.2708,  0.9396,  0.5724, -0.2708,  0.9396,  0.5724, -0.2708,
          0.9396,  0.5724],
        [-0.9626,  0.3422,  0.8200, -0.9626,  0.3422,  0.8200, -0.9626,  0.3422,
          0.8200, -0.9626,  0.3422,  0.8200, -0.9626,  0.3422,  0.8200, -0.9626,
          0.3422,  0.8200],
        [-0.2708,  0.9396,  0.5724, -0.2708,  0.9396,  0.5724, -0.2708,  0.9396,
          0.5724, -0.2708,  0.9396,  0.5724, -0.2708,  0.9396,  0.5724, -0.2708,
          0.9396,  0.5724],
        [-0.9626,  0.3422,  0.8200, -0.9626,  0.3422,  0.8200, -0.9626,  0.3422,
          0.8200, -0.9626,  0.3422,  0.8200, -0.9626,  0.3422,  0.8200, -0.9626,
          0.3422,  0.8200],
        [-0.2708,  0.9396,  0.5724, -0.2708,  0.9396,  0.5724, -0.2708,  0.9396,
          0.5724, -0.2708,  0.9396,  0.5724, -0.2708,  0.9396,  0.5724, -0.2708,
          0.9396,  0.5724]]),
    'PassLogTorchIntermediateTempVar7_result': tensor([[-5.5578e-01,  1.5636e-01,  8.1427e-01,  6.0295e-02, -1.9272e-08,
          0.0000e+00],
        [-1.5636e-01, -5.5578e-01, -6.0295e-02,  8.1427e-01, -8.7034e-07,
          4.6834e-08],
        [-5.5578e-01,  1.5636e-01, -4.0713e-01, -3.0148e-02, -7.0711e-01,
         -3.1346e-07],
        [-1.5636e-01, -5.5578e-01,  3.0147e-02, -4.0713e-01,  7.4225e-07,
         -7.0711e-01],
        [-5.5578e-01,  1.5636e-01, -4.0713e-01, -3.0147e-02,  7.0711e-01,
          3.0747e-07],
        [-1.5636e-01, -5.5578e-01,  3.0147e-02, -4.0713e-01,  1.2132e-07,
          7.0711e-01]]),
    'input_data': tensor([[-0.9626,  0.3422,  0.8200, -0.9626,  0.3422,  0.8200, -0.9626,  0.3422,
          0.8200, -0.9626,  0.3422,  0.8200, -0.9626,  0.3422,  0.8200, -0.9626,
          0.3422,  0.8200],
        [-0.2708,  0.9396,  0.5724, -0.2708,  0.9396,  0.5724, -0.2708,  0.9396,
          0.5724, -0.2708,  0.9396,  0.5724, -0.2708,  0.9396,  0.5724, -0.2708,
          0.9396,  0.5724],
        [-0.9626,  0.3422,  0.8200, -0.9626,  0.3422,  0.8200, -0.9626,  0.3422,
          0.8200, -0.9626,  0.3422,  0.8200, -0.9626,  0.3422,  0.8200, -0.9626,
          0.3422,  0.8200],
        [-0.2708,  0.9396,  0.5724, -0.2708,  0.9396,  0.5724, -0.2708,  0.9396,
          0.5724, -0.2708,  0.9396,  0.5724, -0.2708,  0.9396,  0.5724, -0.2708,
          0.9396,  0.5724],
        [-0.9626,  0.3422,  0.8200, -0.9626,  0.3422,  0.8200, -0.9626,  0.3422,
          0.8200, -0.9626,  0.3422,  0.8200, -0.9626,  0.3422,  0.8200, -0.9626,
          0.3422,  0.8200],
        [-0.2708,  0.9396,  0.5724, -0.2708,  0.9396,  0.5724, -0.2708,  0.9396,
          0.5724, -0.2708,  0.9396,  0.5724, -0.2708,  0.9396,  0.5724, -0.2708,
          0.9396,  0.5724]]),
    'result': tensor([[-5.5578e-01,  1.5636e-01,  8.1427e-01,  6.0295e-02, -1.9272e-08,
          0.0000e+00],
        [-1.5636e-01, -5.5578e-01, -6.0295e-02,  8.1427e-01, -8.7034e-07,
          4.6834e-08],
        [-5.5578e-01,  1.5636e-01, -4.0713e-01, -3.0148e-02, -7.0711e-01,
         -3.1346e-07],
        [-1.5636e-01, -5.5578e-01,  3.0147e-02, -4.0713e-01,  7.4225e-07,
         -7.0711e-01],
        [-5.5578e-01,  1.5636e-01, -4.0713e-01, -3.0147e-02,  7.0711e-01,
          3.0747e-07],
        [-1.5636e-01, -5.5578e-01,  3.0147e-02, -4.0713e-01,  1.2132e-07,
          7.0711e-01]])}
GPU:
{   'PassFlattenCallTempVar1': tensor([[-0.9626,  0.3422,  0.8200, -0.9626,  0.3422,  0.8200, -0.9626,  0.3422,
          0.8200, -0.9626,  0.3422,  0.8200, -0.9626,  0.3422,  0.8200, -0.9626,
          0.3422,  0.8200],
        [-0.2708,  0.9396,  0.5724, -0.2708,  0.9396,  0.5724, -0.2708,  0.9396,
          0.5724, -0.2708,  0.9396,  0.5724, -0.2708,  0.9396,  0.5724, -0.2708,
          0.9396,  0.5724],
        [-0.9626,  0.3422,  0.8200, -0.9626,  0.3422,  0.8200, -0.9626,  0.3422,
          0.8200, -0.9626,  0.3422,  0.8200, -0.9626,  0.3422,  0.8200, -0.9626,
          0.3422,  0.8200],
        [-0.2708,  0.9396,  0.5724, -0.2708,  0.9396,  0.5724, -0.2708,  0.9396,
          0.5724, -0.2708,  0.9396,  0.5724, -0.2708,  0.9396,  0.5724, -0.2708,
          0.9396,  0.5724],
        [-0.9626,  0.3422,  0.8200, -0.9626,  0.3422,  0.8200, -0.9626,  0.3422,
          0.8200, -0.9626,  0.3422,  0.8200, -0.9626,  0.3422,  0.8200, -0.9626,
          0.3422,  0.8200],
        [-0.2708,  0.9396,  0.5724, -0.2708,  0.9396,  0.5724, -0.2708,  0.9396,
          0.5724, -0.2708,  0.9396,  0.5724, -0.2708,  0.9396,  0.5724, -0.2708,
          0.9396,  0.5724]], device='cuda:0'),
    'PassLogTorchIntermediateTempVar1_input_data': tensor([[-1.6977,  0.6374,  0.0781],
        [-0.4140,  1.5172,  0.0473]], device='cuda:0'),
    'PassLogTorchIntermediateTempVar2_input_data': tensor([[-0.9353,  0.3512,  0.0430],
        [-0.2631,  0.9643,  0.0300]], device='cuda:0'),
    'PassLogTorchIntermediateTempVar3_input_data': tensor([[-0.9626,  0.3422,  0.8200],
        [-0.2708,  0.9396,  0.5724]], device='cuda:0'),
    'PassLogTorchIntermediateTempVar4_input_data': tensor([[-0.9626,  0.3422,  0.8200, -0.9626,  0.3422,  0.8200, -0.9626,  0.3422,
          0.8200, -0.9626,  0.3422,  0.8200, -0.9626,  0.3422,  0.8200, -0.9626,
          0.3422,  0.8200],
        [-0.2708,  0.9396,  0.5724, -0.2708,  0.9396,  0.5724, -0.2708,  0.9396,
          0.5724, -0.2708,  0.9396,  0.5724, -0.2708,  0.9396,  0.5724, -0.2708,
          0.9396,  0.5724],
        [-0.9626,  0.3422,  0.8200, -0.9626,  0.3422,  0.8200, -0.9626,  0.3422,
          0.8200, -0.9626,  0.3422,  0.8200, -0.9626,  0.3422,  0.8200, -0.9626,
          0.3422,  0.8200],
        [-0.2708,  0.9396,  0.5724, -0.2708,  0.9396,  0.5724, -0.2708,  0.9396,
          0.5724, -0.2708,  0.9396,  0.5724, -0.2708,  0.9396,  0.5724, -0.2708,
          0.9396,  0.5724],
        [-0.9626,  0.3422,  0.8200, -0.9626,  0.3422,  0.8200, -0.9626,  0.3422,
          0.8200, -0.9626,  0.3422,  0.8200, -0.9626,  0.3422,  0.8200, -0.9626,
          0.3422,  0.8200],
        [-0.2708,  0.9396,  0.5724, -0.2708,  0.9396,  0.5724, -0.2708,  0.9396,
          0.5724, -0.2708,  0.9396,  0.5724, -0.2708,  0.9396,  0.5724, -0.2708,
          0.9396,  0.5724]], device='cuda:0'),
    'PassLogTorchIntermediateTempVar5_PassFlattenCallTempVar1': tensor([[-0.9626,  0.3422,  0.8200, -0.9626,  0.3422,  0.8200, -0.9626,  0.3422,
          0.8200, -0.9626,  0.3422,  0.8200, -0.9626,  0.3422,  0.8200, -0.9626,
          0.3422,  0.8200],
        [-0.2708,  0.9396,  0.5724, -0.2708,  0.9396,  0.5724, -0.2708,  0.9396,
          0.5724, -0.2708,  0.9396,  0.5724, -0.2708,  0.9396,  0.5724, -0.2708,
          0.9396,  0.5724],
        [-0.9626,  0.3422,  0.8200, -0.9626,  0.3422,  0.8200, -0.9626,  0.3422,
          0.8200, -0.9626,  0.3422,  0.8200, -0.9626,  0.3422,  0.8200, -0.9626,
          0.3422,  0.8200],
        [-0.2708,  0.9396,  0.5724, -0.2708,  0.9396,  0.5724, -0.2708,  0.9396,
          0.5724, -0.2708,  0.9396,  0.5724, -0.2708,  0.9396,  0.5724, -0.2708,
          0.9396,  0.5724],
        [-0.9626,  0.3422,  0.8200, -0.9626,  0.3422,  0.8200, -0.9626,  0.3422,
          0.8200, -0.9626,  0.3422,  0.8200, -0.9626,  0.3422,  0.8200, -0.9626,
          0.3422,  0.8200],
        [-0.2708,  0.9396,  0.5724, -0.2708,  0.9396,  0.5724, -0.2708,  0.9396,
          0.5724, -0.2708,  0.9396,  0.5724, -0.2708,  0.9396,  0.5724, -0.2708,
          0.9396,  0.5724]], device='cuda:0'),
    'PassLogTorchIntermediateTempVar7_result': tensor([[-5.5578e-01,  1.5636e-01,  8.1349e-01, -7.0024e-02, -5.7440e-08,
         -1.4904e-08],
        [-1.5636e-01, -5.5578e-01,  7.0024e-02,  8.1349e-01, -4.2982e-07,
          5.8070e-08],
        [-5.5578e-01,  1.5636e-01, -4.0674e-01,  3.5012e-02,  7.0684e-01,
         -1.9361e-02],
        [-1.5636e-01, -5.5578e-01, -3.5012e-02, -4.0674e-01, -1.9361e-02,
         -7.0684e-01],
        [-5.5578e-01,  1.5636e-01, -4.0674e-01,  3.5012e-02, -7.0684e-01,
          1.9361e-02],
        [-1.5636e-01, -5.5578e-01, -3.5012e-02, -4.0674e-01,  1.9361e-02,
          7.0684e-01]], device='cuda:0'),
    'input_data': tensor([[-0.9626,  0.3422,  0.8200, -0.9626,  0.3422,  0.8200, -0.9626,  0.3422,
          0.8200, -0.9626,  0.3422,  0.8200, -0.9626,  0.3422,  0.8200, -0.9626,
          0.3422,  0.8200],
        [-0.2708,  0.9396,  0.5724, -0.2708,  0.9396,  0.5724, -0.2708,  0.9396,
          0.5724, -0.2708,  0.9396,  0.5724, -0.2708,  0.9396,  0.5724, -0.2708,
          0.9396,  0.5724],
        [-0.9626,  0.3422,  0.8200, -0.9626,  0.3422,  0.8200, -0.9626,  0.3422,
          0.8200, -0.9626,  0.3422,  0.8200, -0.9626,  0.3422,  0.8200, -0.9626,
          0.3422,  0.8200],
        [-0.2708,  0.9396,  0.5724, -0.2708,  0.9396,  0.5724, -0.2708,  0.9396,
          0.5724, -0.2708,  0.9396,  0.5724, -0.2708,  0.9396,  0.5724, -0.2708,
          0.9396,  0.5724],
        [-0.9626,  0.3422,  0.8200, -0.9626,  0.3422,  0.8200, -0.9626,  0.3422,
          0.8200, -0.9626,  0.3422,  0.8200, -0.9626,  0.3422,  0.8200, -0.9626,
          0.3422,  0.8200],
        [-0.2708,  0.9396,  0.5724, -0.2708,  0.9396,  0.5724, -0.2708,  0.9396,
          0.5724, -0.2708,  0.9396,  0.5724, -0.2708,  0.9396,  0.5724, -0.2708,
          0.9396,  0.5724]], device='cuda:0'),
    'result': tensor([[-5.5578e-01,  1.5636e-01,  8.1349e-01, -7.0024e-02, -5.7440e-08,
         -1.4904e-08],
        [-1.5636e-01, -5.5578e-01,  7.0024e-02,  8.1349e-01, -4.2982e-07,
          5.8070e-08],
        [-5.5578e-01,  1.5636e-01, -4.0674e-01,  3.5012e-02,  7.0684e-01,
         -1.9361e-02],
        [-1.5636e-01, -5.5578e-01, -3.5012e-02, -4.0674e-01, -1.9361e-02,
         -7.0684e-01],
        [-5.5578e-01,  1.5636e-01, -4.0674e-01,  3.5012e-02, -7.0684e-01,
          1.9361e-02],
        [-1.5636e-01, -5.5578e-01, -3.5012e-02, -4.0674e-01,  1.9361e-02,
          7.0684e-01]], device='cuda:0')}
