WARNING: All log messages before absl::InitializeLog() is called are written to STDERR
I0000 00:00:1781439463.117742 1007434 port.cc:153] oneDNN custom operations are on. You may see slightly different numerical results due to floating-point round-off errors from different computation orders. To turn them off, set the environment variable `TF_ENABLE_ONEDNN_OPTS=0`.
I0000 00:00:1781439463.155699 1007434 cpu_feature_guard.cc:227] This TensorFlow binary is optimized to use available CPU instructions in performance-critical operations.
To enable the following instructions: AVX2 AVX512F AVX512_VNNI AVX512_BF16 FMA, in other operations, rebuild TensorFlow with the appropriate compiler flags.
WARNING: All log messages before absl::InitializeLog() is called are written to STDERR
I0000 00:00:1781439464.117181 1007434 port.cc:153] oneDNN custom operations are on. You may see slightly different numerical results due to floating-point round-off errors from different computation orders. To turn them off, set the environment variable `TF_ENABLE_ONEDNN_OPTS=0`.
:17: UserWarning: torch.qr is deprecated in favor of torch.linalg.qr and will be removed in a future PyTorch release.
The boolean parameter 'some' has been replaced with a string parameter 'mode'.
Q, R = torch.qr(A, some)
should be replaced with
Q, R = torch.linalg.qr(A, 'reduced' if some else 'complete') (Triggered internally at /pytorch/aten/src/ATen/native/BatchLinearAlgebra.cpp:2491.)

FrameworkSingle DuelFinished 420 Problem since line 5
Last lines before problem: 
2 > input_data = torch.randn(6, 3, requires_grad=True)
3 > input_data = torch.nn.functional.normalize(input_data, dim=0)
4 > input_data = input_data.repeat(3, 6)
5 > result = torch.qr(torch.matmul(input_data, input_data.t()))[0]
VarInconsistentCatch 
diff:['result', 'PassLogTorchIntermediateTempVar7_result']
CPU:
{   'PassFlattenCallTempVar1': tensor([[-0.0035, -0.2968,  0.5292,  0.3781,  0.6845, -0.1426, -0.0035, -0.2968,
          0.5292,  0.3781,  0.6845, -0.1426, -0.0035, -0.2968,  0.5292,  0.3781,
          0.6845, -0.1426],
        [ 0.2529,  0.0470, -0.3119,  0.3852, -0.3696, -0.7427,  0.2529,  0.0470,
         -0.3119,  0.3852, -0.3696, -0.7427,  0.2529,  0.0470, -0.3119,  0.3852,
         -0.3696, -0.7427],
        [-0.0282, -0.8959,  0.2195,  0.1778, -0.3097,  0.1442, -0.0282, -0.8959,
          0.2195,  0.1778, -0.3097,  0.1442, -0.0282, -0.8959,  0.2195,  0.1778,
         -0.3097,  0.1442],
        [-0.0035, -0.2968,  0.5292,  0.3781,  0.6845, -0.1426, -0.0035, -0.2968,
          0.5292,  0.3781,  0.6845, -0.1426, -0.0035, -0.2968,  0.5292,  0.3781,
          0.6845, -0.1426],
        [ 0.2529,  0.0470, -0.3119,  0.3852, -0.3696, -0.7427,  0.2529,  0.0470,
         -0.3119,  0.3852, -0.3696, -0.7427,  0.2529,  0.0470, -0.3119,  0.3852,
         -0.3696, -0.7427],
        [-0.0282, -0.8959,  0.2195,  0.1778, -0.3097,  0.1442, -0.0282, -0.8959,
          0.2195,  0.1778, -0.3097,  0.1442, -0.0282, -0.8959,  0.2195,  0.1778,
         -0.3097,  0.1442],
        [-0.0035, -0.2968,  0.5292,  0.3781,  0.6845, -0.1426, -0.0035, -0.2968,
          0.5292,  0.3781,  0.6845, -0.1426, -0.0035, -0.2968,  0.5292,  0.3781,
          0.6845, -0.1426],
        [ 0.2529,  0.0470, -0.3119,  0.3852, -0.3696, -0.7427,  0.2529,  0.0470,
         -0.3119,  0.3852, -0.3696, -0.7427,  0.2529,  0.0470, -0.3119,  0.3852,
         -0.3696, -0.7427],
        [-0.0282, -0.8959,  0.2195,  0.1778, -0.3097,  0.1442, -0.0282, -0.8959,
          0.2195,  0.1778, -0.3097,  0.1442, -0.0282, -0.8959,  0.2195,  0.1778,
         -0.3097,  0.1442],
        [-0.0035, -0.2968,  0.5292,  0.3781,  0.6845, -0.1426, -0.0035, -0.2968,
          0.5292,  0.3781,  0.6845, -0.1426, -0.0035, -0.2968,  0.5292,  0.3781,
          0.6845, -0.1426],
        [ 0.2529,  0.0470, -0.3119,  0.3852, -0.3696, -0.7427,  0.2529,  0.0470,
         -0.3119,  0.3852, -0.3696, -0.7427,  0.2529,  0.0470, -0.3119,  0.3852,
         -0.3696, -0.7427],
        [-0.0282, -0.8959,  0.2195,  0.1778, -0.3097,  0.1442, -0.0282, -0.8959,
          0.2195,  0.1778, -0.3097,  0.1442, -0.0282, -0.8959,  0.2195,  0.1778,
         -0.3097,  0.1442],
        [-0.0035, -0.2968,  0.5292,  0.3781,  0.6845, -0.1426, -0.0035, -0.2968,
          0.5292,  0.3781,  0.6845, -0.1426, -0.0035, -0.2968,  0.5292,  0.3781,
          0.6845, -0.1426],
        [ 0.2529,  0.0470, -0.3119,  0.3852, -0.3696, -0.7427,  0.2529,  0.0470,
         -0.3119,  0.3852, -0.3696, -0.7427,  0.2529,  0.0470, -0.3119,  0.3852,
         -0.3696, -0.7427],
        [-0.0282, -0.8959,  0.2195,  0.1778, -0.3097,  0.1442, -0.0282, -0.8959,
          0.2195,  0.1778, -0.3097,  0.1442, -0.0282, -0.8959,  0.2195,  0.1778,
         -0.3097,  0.1442],
        [-0.0035, -0.2968,  0.5292,  0.3781,  0.6845, -0.1426, -0.0035, -0.2968,
          0.5292,  0.3781,  0.6845, -0.1426, -0.0035, -0.2968,  0.5292,  0.3781,
          0.6845, -0.1426],
        [ 0.2529,  0.0470, -0.3119,  0.3852, -0.3696, -0.7427,  0.2529,  0.0470,
         -0.3119,  0.3852, -0.3696, -0.7427,  0.2529,  0.0470, -0.3119,  0.3852,
         -0.3696, -0.7427],
        [-0.0282, -0.8959,  0.2195,  0.1778, -0.3097,  0.1442, -0.0282, -0.8959,
          0.2195,  0.1778, -0.3097,  0.1442, -0.0282, -0.8959,  0.2195,  0.1778,
         -0.3097,  0.1442]], grad_fn=<TBackward0>),
    'PassFlattenCallTempVar2': tensor([[ 0.3885,  0.2294, -0.5216,  0.5463, -0.5228, -1.1483,  0.3885,  0.2294,
         -0.5216,  0.5463, -0.5228, -1.1483,  0.3885,  0.2294, -0.5216,  0.5463,
         -0.5228, -1.1483],
        [ 0.2294,  5.3582, -2.2104, -1.5204,  0.3416, -0.7307,  0.2294,  5.3582,
         -2.2104, -1.5204,  0.3416, -0.7307,  0.2294,  5.3582, -2.2104, -1.5204,
          0.3416, -0.7307],
        [-0.5216, -2.2104,  2.5530,  0.7138,  2.4571,  1.1271, -0.5216, -2.2104,
          2.5530,  0.7138,  2.4571,  1.1271, -0.5216, -2.2104,  2.5530,  0.7138,
          2.4571,  1.1271],
        [ 0.5463, -1.5204,  0.7138,  1.9375,  0.3684, -1.8861,  0.5463, -1.5204,
          0.7138,  1.9375,  0.3684, -1.8861,  0.5463, -1.5204,  0.7138,  1.9375,
          0.3684, -1.8861],
        [-0.5228,  0.3416,  2.4571,  0.3684,  4.2063,  0.7934, -0.5228,  0.3416,
          2.4571,  0.3684,  4.2063,  0.7934, -0.5228,  0.3416,  2.4571,  0.3684,
          4.2063,  0.7934],
        [-1.1483, -0.7307,  1.1271, -1.8861,  0.7934,  3.5565, -1.1483, -0.7307,
          1.1271, -1.8861,  0.7934,  3.5565, -1.1483, -0.7307,  1.1271, -1.8861,
          0.7934,  3.5565],
        [ 0.3885,  0.2294, -0.5216,  0.5463, -0.5228, -1.1483,  0.3885,  0.2294,
         -0.5216,  0.5463, -0.5228, -1.1483,  0.3885,  0.2294, -0.5216,  0.5463,
         -0.5228, -1.1483],
        [ 0.2294,  5.3582, -2.2104, -1.5204,  0.3416, -0.7307,  0.2294,  5.3582,
         -2.2104, -1.5204,  0.3416, -0.7307,  0.2294,  5.3582, -2.2104, -1.5204,
          0.3416, -0.7307],
        [-0.5216, -2.2104,  2.5530,  0.7138,  2.4571,  1.1271, -0.5216, -2.2104,
          2.5530,  0.7138,  2.4571,  1.1271, -0.5216, -2.2104,  2.5530,  0.7138,
          2.4571,  1.1271],
        [ 0.5463, -1.5204,  0.7138,  1.9375,  0.3684, -1.8861,  0.5463, -1.5204,
          0.7138,  1.9375,  0.3684, -1.8861,  0.5463, -1.5204,  0.7138,  1.9375,
          0.3684, -1.8861],
        [-0.5228,  0.3416,  2.4571,  0.3684,  4.2063,  0.7934, -0.5228,  0.3416,
          2.4571,  0.3684,  4.2063,  0.7934, -0.5228,  0.3416,  2.4571,  0.3684,
          4.2063,  0.7934],
        [-1.1483, -0.7307,  1.1271, -1.8861,  0.7934,  3.5565, -1.1483, -0.7307,
          1.1271, -1.8861,  0.7934,  3.5565, -1.1483, -0.7307,  1.1271, -1.8861,
          0.7934,  3.5565],
        [ 0.3885,  0.2294, -0.5216,  0.5463, -0.5228, -1.1483,  0.3885,  0.2294,
         -0.5216,  0.5463, -0.5228, -1.1483,  0.3885,  0.2294, -0.5216,  0.5463,
         -0.5228, -1.1483],
        [ 0.2294,  5.3582, -2.2104, -1.5204,  0.3416, -0.7307,  0.2294,  5.3582,
         -2.2104, -1.5204,  0.3416, -0.7307,  0.2294,  5.3582, -2.2104, -1.5204,
          0.3416, -0.7307],
        [-0.5216, -2.2104,  2.5530,  0.7138,  2.4571,  1.1271, -0.5216, -2.2104,
          2.5530,  0.7138,  2.4571,  1.1271, -0.5216, -2.2104,  2.5530,  0.7138,
          2.4571,  1.1271],
        [ 0.5463, -1.5204,  0.7138,  1.9375,  0.3684, -1.8861,  0.5463, -1.5204,
          0.7138,  1.9375,  0.3684, -1.8861,  0.5463, -1.5204,  0.7138,  1.9375,
          0.3684, -1.8861],
        [-0.5228,  0.3416,  2.4571,  0.3684,  4.2063,  0.7934, -0.5228,  0.3416,
          2.4571,  0.3684,  4.2063,  0.7934, -0.5228,  0.3416,  2.4571,  0.3684,
          4.2063,  0.7934],
        [-1.1483, -0.7307,  1.1271, -1.8861,  0.7934,  3.5565, -1.1483, -0.7307,
          1.1271, -1.8861,  0.7934,  3.5565, -1.1483, -0.7307,  1.1271, -1.8861,
          0.7934,  3.5565]], grad_fn=<MmBackward0>),
    'PassLogTorchIntermediateTempVar1_input_data': tensor([[-0.0070,  0.5044, -0.0646],
        [-0.5918,  0.0938, -2.0492],
        [ 1.0550, -0.6222,  0.5020],
        [ 0.7538,  0.7684,  0.4066],
        [ 1.3646, -0.7372, -0.7084],
        [-0.2842, -1.4816,  0.3298]], grad_fn=<CloneBackward0>),
    'PassLogTorchIntermediateTempVar2_input_data': tensor([[-0.0035,  0.2529, -0.0282],
        [-0.2968,  0.0470, -0.8959],
        [ 0.5292, -0.3119,  0.2195],
        [ 0.3781,  0.3852,  0.1778],
        [ 0.6845, -0.3696, -0.3097],
        [-0.1426, -0.7427,  0.1442]], grad_fn=<CloneBackward0>),
    'PassLogTorchIntermediateTempVar3_input_data': tensor([[-0.0035,  0.2529, -0.0282, -0.0035,  0.2529, -0.0282, -0.0035,  0.2529,
         -0.0282, -0.0035,  0.2529, -0.0282, -0.0035,  0.2529, -0.0282, -0.0035,
          0.2529, -0.0282],
        [-0.2968,  0.0470, -0.8959, -0.2968,  0.0470, -0.8959, -0.2968,  0.0470,
         -0.8959, -0.2968,  0.0470, -0.8959, -0.2968,  0.0470, -0.8959, -0.2968,
          0.0470, -0.8959],
        [ 0.5292, -0.3119,  0.2195,  0.5292, -0.3119,  0.2195,  0.5292, -0.3119,
          0.2195,  0.5292, -0.3119,  0.2195,  0.5292, -0.3119,  0.2195,  0.5292,
         -0.3119,  0.2195],
        [ 0.3781,  0.3852,  0.1778,  0.3781,  0.3852,  0.1778,  0.3781,  0.3852,
          0.1778,  0.3781,  0.3852,  0.1778,  0.3781,  0.3852,  0.1778,  0.3781,
          0.3852,  0.1778],
        [ 0.6845, -0.3696, -0.3097,  0.6845, -0.3696, -0.3097,  0.6845, -0.3696,
         -0.3097,  0.6845, -0.3696, -0.3097,  0.6845, -0.3696, -0.3097,  0.6845,
         -0.3696, -0.3097],
        [-0.1426, -0.7427,  0.1442, -0.1426, -0.7427,  0.1442, -0.1426, -0.7427,
          0.1442, -0.1426, -0.7427,  0.1442, -0.1426, -0.7427,  0.1442, -0.1426,
         -0.7427,  0.1442],
        [-0.0035,  0.2529, -0.0282, -0.0035,  0.2529, -0.0282, -0.0035,  0.2529,
         -0.0282, -0.0035,  0.2529, -0.0282, -0.0035,  0.2529, -0.0282, -0.0035,
          0.2529, -0.0282],
        [-0.2968,  0.0470, -0.8959, -0.2968,  0.0470, -0.8959, -0.2968,  0.0470,
         -0.8959, -0.2968,  0.0470, -0.8959, -0.2968,  0.0470, -0.8959, -0.2968,
          0.0470, -0.8959],
        [ 0.5292, -0.3119,  0.2195,  0.5292, -0.3119,  0.2195,  0.5292, -0.3119,
          0.2195,  0.5292, -0.3119,  0.2195,  0.5292, -0.3119,  0.2195,  0.5292,
         -0.3119,  0.2195],
        [ 0.3781,  0.3852,  0.1778,  0.3781,  0.3852,  0.1778,  0.3781,  0.3852,
          0.1778,  0.3781,  0.3852,  0.1778,  0.3781,  0.3852,  0.1778,  0.3781,
          0.3852,  0.1778],
        [ 0.6845, -0.3696, -0.3097,  0.6845, -0.3696, -0.3097,  0.6845, -0.3696,
         -0.3097,  0.6845, -0.3696, -0.3097,  0.6845, -0.3696, -0.3097,  0.6845,
         -0.3696, -0.3097],
        [-0.1426, -0.7427,  0.1442, -0.1426, -0.7427,  0.1442, -0.1426, -0.7427,
          0.1442, -0.1426, -0.7427,  0.1442, -0.1426, -0.7427,  0.1442, -0.1426,
         -0.7427,  0.1442],
        [-0.0035,  0.2529, -0.0282, -0.0035,  0.2529, -0.0282, -0.0035,  0.2529,
         -0.0282, -0.0035,  0.2529, -0.0282, -0.0035,  0.2529, -0.0282, -0.0035,
          0.2529, -0.0282],
        [-0.2968,  0.0470, -0.8959, -0.2968,  0.0470, -0.8959, -0.2968,  0.0470,
         -0.8959, -0.2968,  0.0470, -0.8959, -0.2968,  0.0470, -0.8959, -0.2968,
          0.0470, -0.8959],
        [ 0.5292, -0.3119,  0.2195,  0.5292, -0.3119,  0.2195,  0.5292, -0.3119,
          0.2195,  0.5292, -0.3119,  0.2195,  0.5292, -0.3119,  0.2195,  0.5292,
         -0.3119,  0.2195],
        [ 0.3781,  0.3852,  0.1778,  0.3781,  0.3852,  0.1778,  0.3781,  0.3852,
          0.1778,  0.3781,  0.3852,  0.1778,  0.3781,  0.3852,  0.1778,  0.3781,
          0.3852,  0.1778],
        [ 0.6845, -0.3696, -0.3097,  0.6845, -0.3696, -0.3097,  0.6845, -0.3696,
         -0.3097,  0.6845, -0.3696, -0.3097,  0.6845, -0.3696, -0.3097,  0.6845,
         -0.3696, -0.3097],
        [-0.1426, -0.7427,  0.1442, -0.1426, -0.7427,  0.1442, -0.1426, -0.7427,
          0.1442, -0.1426, -0.7427,  0.1442, -0.1426, -0.7427,  0.1442, -0.1426,
         -0.7427,  0.1442]], grad_fn=<CloneBackward0>),
    'PassLogTorchIntermediateTempVar4_PassFlattenCallTempVar1': tensor([[-0.0035, -0.2968,  0.5292,  0.3781,  0.6845, -0.1426, -0.0035, -0.2968,
          0.5292,  0.3781,  0.6845, -0.1426, -0.0035, -0.2968,  0.5292,  0.3781,
          0.6845, -0.1426],
        [ 0.2529,  0.0470, -0.3119,  0.3852, -0.3696, -0.7427,  0.2529,  0.0470,
         -0.3119,  0.3852, -0.3696, -0.7427,  0.2529,  0.0470, -0.3119,  0.3852,
         -0.3696, -0.7427],
        [-0.0282, -0.8959,  0.2195,  0.1778, -0.3097,  0.1442, -0.0282, -0.8959,
          0.2195,  0.1778, -0.3097,  0.1442, -0.0282, -0.8959,  0.2195,  0.1778,
         -0.3097,  0.1442],
        [-0.0035, -0.2968,  0.5292,  0.3781,  0.6845, -0.1426, -0.0035, -0.2968,
          0.5292,  0.3781,  0.6845, -0.1426, -0.0035, -0.2968,  0.5292,  0.3781,
          0.6845, -0.1426],
        [ 0.2529,  0.0470, -0.3119,  0.3852, -0.3696, -0.7427,  0.2529,  0.0470,
         -0.3119,  0.3852, -0.3696, -0.7427,  0.2529,  0.0470, -0.3119,  0.3852,
         -0.3696, -0.7427],
        [-0.0282, -0.8959,  0.2195,  0.1778, -0.3097,  0.1442, -0.0282, -0.8959,
          0.2195,  0.1778, -0.3097,  0.1442, -0.0282, -0.8959,  0.2195,  0.1778,
         -0.3097,  0.1442],
        [-0.0035, -0.2968,  0.5292,  0.3781,  0.6845, -0.1426, -0.0035, -0.2968,
          0.5292,  0.3781,  0.6845, -0.1426, -0.0035, -0.2968,  0.5292,  0.3781,
          0.6845, -0.1426],
        [ 0.2529,  0.0470, -0.3119,  0.3852, -0.3696, -0.7427,  0.2529,  0.0470,
         -0.3119,  0.3852, -0.3696, -0.7427,  0.2529,  0.0470, -0.3119,  0.3852,
         -0.3696, -0.7427],
        [-0.0282, -0.8959,  0.2195,  0.1778, -0.3097,  0.1442, -0.0282, -0.8959,
          0.2195,  0.1778, -0.3097,  0.1442, -0.0282, -0.8959,  0.2195,  0.1778,
         -0.3097,  0.1442],
        [-0.0035, -0.2968,  0.5292,  0.3781,  0.6845, -0.1426, -0.0035, -0.2968,
          0.5292,  0.3781,  0.6845, -0.1426, -0.0035, -0.2968,  0.5292,  0.3781,
          0.6845, -0.1426],
        [ 0.2529,  0.0470, -0.3119,  0.3852, -0.3696, -0.7427,  0.2529,  0.0470,
         -0.3119,  0.3852, -0.3696, -0.7427,  0.2529,  0.0470, -0.3119,  0.3852,
         -0.3696, -0.7427],
        [-0.0282, -0.8959,  0.2195,  0.1778, -0.3097,  0.1442, -0.0282, -0.8959,
          0.2195,  0.1778, -0.3097,  0.1442, -0.0282, -0.8959,  0.2195,  0.1778,
         -0.3097,  0.1442],
        [-0.0035, -0.2968,  0.5292,  0.3781,  0.6845, -0.1426, -0.0035, -0.2968,
          0.5292,  0.3781,  0.6845, -0.1426, -0.0035, -0.2968,  0.5292,  0.3781,
          0.6845, -0.1426],
        [ 0.2529,  0.0470, -0.3119,  0.3852, -0.3696, -0.7427,  0.2529,  0.0470,
         -0.3119,  0.3852, -0.3696, -0.7427,  0.2529,  0.0470, -0.3119,  0.3852,
         -0.3696, -0.7427],
        [-0.0282, -0.8959,  0.2195,  0.1778, -0.3097,  0.1442, -0.0282, -0.8959,
          0.2195,  0.1778, -0.3097,  0.1442, -0.0282, -0.8959,  0.2195,  0.1778,
         -0.3097,  0.1442],
        [-0.0035, -0.2968,  0.5292,  0.3781,  0.6845, -0.1426, -0.0035, -0.2968,
          0.5292,  0.3781,  0.6845, -0.1426, -0.0035, -0.2968,  0.5292,  0.3781,
          0.6845, -0.1426],
        [ 0.2529,  0.0470, -0.3119,  0.3852, -0.3696, -0.7427,  0.2529,  0.0470,
         -0.3119,  0.3852, -0.3696, -0.7427,  0.2529,  0.0470, -0.3119,  0.3852,
         -0.3696, -0.7427],
        [-0.0282, -0.8959,  0.2195,  0.1778, -0.3097,  0.1442, -0.0282, -0.8959,
          0.2195,  0.1778, -0.3097,  0.1442, -0.0282, -0.8959,  0.2195,  0.1778,
         -0.3097,  0.1442]], grad_fn=<CloneBackward0>),
    'PassLogTorchIntermediateTempVar5_PassFlattenCallTempVar2': tensor([[ 0.3885,  0.2294, -0.5216,  0.5463, -0.5228, -1.1483,  0.3885,  0.2294,
         -0.5216,  0.5463, -0.5228, -1.1483,  0.3885,  0.2294, -0.5216,  0.5463,
         -0.5228, -1.1483],
        [ 0.2294,  5.3582, -2.2104, -1.5204,  0.3416, -0.7307,  0.2294,  5.3582,
         -2.2104, -1.5204,  0.3416, -0.7307,  0.2294,  5.3582, -2.2104, -1.5204,
          0.3416, -0.7307],
        [-0.5216, -2.2104,  2.5530,  0.7138,  2.4571,  1.1271, -0.5216, -2.2104,
          2.5530,  0.7138,  2.4571,  1.1271, -0.5216, -2.2104,  2.5530,  0.7138,
          2.4571,  1.1271],
        [ 0.5463, -1.5204,  0.7138,  1.9375,  0.3684, -1.8861,  0.5463, -1.5204,
          0.7138,  1.9375,  0.3684, -1.8861,  0.5463, -1.5204,  0.7138,  1.9375,
          0.3684, -1.8861],
        [-0.5228,  0.3416,  2.4571,  0.3684,  4.2063,  0.7934, -0.5228,  0.3416,
          2.4571,  0.3684,  4.2063,  0.7934, -0.5228,  0.3416,  2.4571,  0.3684,
          4.2063,  0.7934],
        [-1.1483, -0.7307,  1.1271, -1.8861,  0.7934,  3.5565, -1.1483, -0.7307,
          1.1271, -1.8861,  0.7934,  3.5565, -1.1483, -0.7307,  1.1271, -1.8861,
          0.7934,  3.5565],
        [ 0.3885,  0.2294, -0.5216,  0.5463, -0.5228, -1.1483,  0.3885,  0.2294,
         -0.5216,  0.5463, -0.5228, -1.1483,  0.3885,  0.2294, -0.5216,  0.5463,
         -0.5228, -1.1483],
        [ 0.2294,  5.3582, -2.2104, -1.5204,  0.3416, -0.7307,  0.2294,  5.3582,
         -2.2104, -1.5204,  0.3416, -0.7307,  0.2294,  5.3582, -2.2104, -1.5204,
          0.3416, -0.7307],
        [-0.5216, -2.2104,  2.5530,  0.7138,  2.4571,  1.1271, -0.5216, -2.2104,
          2.5530,  0.7138,  2.4571,  1.1271, -0.5216, -2.2104,  2.5530,  0.7138,
          2.4571,  1.1271],
        [ 0.5463, -1.5204,  0.7138,  1.9375,  0.3684, -1.8861,  0.5463, -1.5204,
          0.7138,  1.9375,  0.3684, -1.8861,  0.5463, -1.5204,  0.7138,  1.9375,
          0.3684, -1.8861],
        [-0.5228,  0.3416,  2.4571,  0.3684,  4.2063,  0.7934, -0.5228,  0.3416,
          2.4571,  0.3684,  4.2063,  0.7934, -0.5228,  0.3416,  2.4571,  0.3684,
          4.2063,  0.7934],
        [-1.1483, -0.7307,  1.1271, -1.8861,  0.7934,  3.5565, -1.1483, -0.7307,
          1.1271, -1.8861,  0.7934,  3.5565, -1.1483, -0.7307,  1.1271, -1.8861,
          0.7934,  3.5565],
        [ 0.3885,  0.2294, -0.5216,  0.5463, -0.5228, -1.1483,  0.3885,  0.2294,
         -0.5216,  0.5463, -0.5228, -1.1483,  0.3885,  0.2294, -0.5216,  0.5463,
         -0.5228, -1.1483],
        [ 0.2294,  5.3582, -2.2104, -1.5204,  0.3416, -0.7307,  0.2294,  5.3582,
         -2.2104, -1.5204,  0.3416, -0.7307,  0.2294,  5.3582, -2.2104, -1.5204,
          0.3416, -0.7307],
        [-0.5216, -2.2104,  2.5530,  0.7138,  2.4571,  1.1271, -0.5216, -2.2104,
          2.5530,  0.7138,  2.4571,  1.1271, -0.5216, -2.2104,  2.5530,  0.7138,
          2.4571,  1.1271],
        [ 0.5463, -1.5204,  0.7138,  1.9375,  0.3684, -1.8861,  0.5463, -1.5204,
          0.7138,  1.9375,  0.3684, -1.8861,  0.5463, -1.5204,  0.7138,  1.9375,
          0.3684, -1.8861],
        [-0.5228,  0.3416,  2.4571,  0.3684,  4.2063,  0.7934, -0.5228,  0.3416,
          2.4571,  0.3684,  4.2063,  0.7934, -0.5228,  0.3416,  2.4571,  0.3684,
          4.2063,  0.7934],
        [-1.1483, -0.7307,  1.1271, -1.8861,  0.7934,  3.5565, -1.1483, -0.7307,
          1.1271, -1.8861,  0.7934,  3.5565, -1.1483, -0.7307,  1.1271, -1.8861,
          0.7934,  3.5565]], grad_fn=<CloneBackward0>),
    'PassLogTorchIntermediateTempVar7_result': tensor([[-1.4583e-01,  1.4623e-02, -2.6494e-02,  5.4770e-01, -4.9051e-01,
         -5.6723e-01,  3.0909e-01,  8.3062e-02,  1.4293e-02,  1.6804e-02,
          5.9407e-02, -4.4287e-02, -1.3831e-02, -1.0302e-02,  5.5539e-03,
         -6.4318e-02,  4.9084e-02,  1.4152e-02],
        [-8.6097e-02, -5.0568e-01, -9.0250e-02, -6.0082e-01, -1.4273e-01,
         -4.8504e-01, -1.4891e-01,  2.9733e-01,  2.7070e-02, -3.8179e-03,
         -8.9527e-03,  1.5238e-02,  7.6616e-03,  3.2674e-03,  8.1496e-04,
          1.9228e-02,  4.3112e-04, -4.3445e-03],
        [ 1.9578e-01,  1.6771e-01, -2.1623e-01,  4.0451e-02,  3.0651e-01,
         -2.1164e-01,  4.7839e-02,  9.9876e-02,  8.5423e-01, -9.4712e-03,
         -2.4661e-02,  3.5009e-02,  1.6568e-02,  7.6056e-03,  9.0122e-04,
          4.5210e-02, -5.1792e-03, -1.0168e-02],
        [-2.0505e-01,  2.0204e-01, -1.9757e-01, -2.4871e-01, -2.0981e-01,
          4.9478e-02,  1.7890e-01, -2.2558e-01,  6.3442e-02,  7.8827e-01,
         -1.2060e-01,  1.1263e-01,  4.2879e-02,  2.5464e-02, -6.8911e-03,
          1.5587e-01, -7.8870e-02, -3.4599e-02],
        [ 1.9622e-01, -8.3705e-02, -4.5284e-01,  4.1538e-02, -1.6854e-01,
          2.1243e-01, -3.5412e-02,  1.2275e-01, -3.2076e-02,  3.9353e-02,
          7.9444e-01,  8.7100e-02,  3.8683e-02,  1.9164e-02, -1.4124e-04,
          1.1502e-01, -2.8029e-02, -2.5757e-02],
        [ 4.3101e-01, -3.8018e-02,  1.8339e-01, -6.2922e-02, -1.6501e-01,
          3.0938e-02,  2.4164e-01,  4.2877e-02, -2.6467e-02, -5.5852e-02,
         -1.1707e-01,  8.1446e-01, -2.5953e-02, -1.1703e-02, -1.7483e-03,
         -6.9400e-02,  5.7243e-03,  1.5626e-02],
        [-1.4583e-01,  1.4623e-02, -2.6494e-02,  1.5920e-01, -7.3040e-02,
         -7.0066e-02, -4.6751e-01, -1.3014e-01,  3.5399e-02, -4.6968e-02,
         -5.4932e-02,  2.5034e-01,  7.9615e-01,  9.9692e-03,  2.4742e-03,
          5.8672e-02,  1.2394e-03, -1.3256e-02],
        [-8.6097e-02, -5.0568e-01, -9.0250e-02,  1.4119e-01,  1.5407e-01,
          6.6553e-02,  2.0712e-01, -3.5498e-01,  7.4585e-02, -1.0318e-02,
         -2.2387e-02,  4.3243e-02,  2.2505e-02,  7.0679e-01, -2.5606e-03,
         -5.8587e-02, -1.7863e-03,  1.3241e-02],
        [ 1.9578e-01,  1.6771e-01, -2.1623e-01, -4.6358e-02,  3.1170e-01,
         -3.6591e-01,  3.6229e-02, -2.2057e-01, -3.1025e-01,  1.7761e-03,
          3.1280e-02,  2.3796e-02,  2.3401e-02,  4.0108e-03,  7.0934e-01,
         -6.9054e-03, -4.5313e-02,  1.8999e-03],
        [-2.0505e-01,  2.0204e-01, -1.9757e-01, -2.4871e-01, -2.0981e-01,
          4.9478e-02,  1.7890e-01, -2.2558e-01,  6.3442e-02, -4.2267e-01,
         -3.0203e-02,  3.0723e-02,  1.2376e-02,  6.8809e-03, -1.2408e-03,
          1.9756e-01, -1.2267e-02,  6.8041e-01],
        [ 1.9622e-01, -8.3705e-02, -4.5284e-01,  4.1538e-02, -1.6854e-01,
          2.1243e-01, -3.5413e-02,  1.2275e-01, -3.2076e-02,  3.9353e-02,
         -3.6050e-01, -1.1719e-01,  5.1367e-02, -3.5656e-02,  9.7307e-02,
         -2.5813e-01,  6.5476e-01,  5.3357e-02],
        [ 4.3101e-01, -3.8018e-02,  1.8339e-01, -6.2922e-02, -1.6501e-01,
          3.0938e-02,  2.4164e-01,  4.2876e-02, -2.6467e-02, -5.5852e-02,
         -1.1707e-01, -3.3695e-01,  2.7777e-01,  1.1297e-01,  3.8300e-02,
          6.6022e-01,  7.7762e-02, -1.4965e-01],
        [-1.4583e-01,  1.4623e-02, -2.6494e-02,  1.5920e-01, -7.3040e-02,
         -7.0066e-02, -4.6751e-01, -1.3014e-01,  3.5399e-02, -4.6968e-02,
         -5.4932e-02,  2.5034e-01, -4.9785e-01,  9.2944e-02,  6.8033e-02,
          5.2655e-01,  2.9078e-01, -1.2107e-01],
        [-8.6097e-02, -5.0568e-01, -9.0250e-02,  1.4119e-01,  1.5407e-01,
          6.6553e-02,  2.0712e-01, -3.5498e-01,  7.4585e-02, -1.0318e-02,
         -2.2387e-02,  4.3242e-02,  2.2505e-02, -6.8839e-01,  8.6188e-03,
          1.6619e-01,  1.3337e-02, -3.7623e-02],
        [ 1.9578e-01,  1.6771e-01, -2.1623e-01, -4.6358e-02,  3.1170e-01,
         -3.6591e-01,  3.6229e-02, -2.2057e-01, -3.1025e-01,  1.7761e-03,
          3.1280e-02,  2.3796e-02,  2.3401e-02,  4.0108e-03, -6.8531e-01,
          4.4093e-02,  1.8314e-01, -1.1332e-02],
        [-2.0505e-01,  2.0204e-01, -1.9757e-01, -2.4871e-01, -2.0981e-01,
          4.9478e-02,  1.7890e-01, -2.2558e-01,  6.3442e-02, -4.2267e-01,
         -3.0203e-02,  3.0723e-02,  1.2376e-02,  6.8809e-03, -1.2408e-03,
         -1.1389e-01, -2.2641e-02, -6.9904e-01],
        [ 1.9622e-01, -8.3705e-02, -4.5284e-01,  1.8884e-01, -1.1152e-01,
          5.9790e-02, -1.7478e-01,  1.1380e-01, -1.1751e-01, -6.6330e-02,
         -4.1585e-01, -3.1757e-02, -1.2576e-01,  3.6697e-03, -1.0480e-01,
          6.9682e-02, -6.5599e-01, -1.0799e-02],
        [ 4.3101e-01, -3.8018e-02,  1.8339e-01, -9.9748e-02, -3.6994e-01,
         -9.2985e-02, -3.2955e-01, -5.5866e-01,  1.8401e-01,  5.0622e-02,
          9.4761e-02, -2.2931e-01, -1.2540e-01, -4.8208e-02, -2.1748e-02,
         -2.7927e-01, -6.6744e-02,  6.3554e-02]], grad_fn=<CloneBackward0>),
    'input_data': tensor([[-0.0035,  0.2529, -0.0282, -0.0035,  0.2529, -0.0282, -0.0035,  0.2529,
         -0.0282, -0.0035,  0.2529, -0.0282, -0.0035,  0.2529, -0.0282, -0.0035,
          0.2529, -0.0282],
        [-0.2968,  0.0470, -0.8959, -0.2968,  0.0470, -0.8959, -0.2968,  0.0470,
         -0.8959, -0.2968,  0.0470, -0.8959, -0.2968,  0.0470, -0.8959, -0.2968,
          0.0470, -0.8959],
        [ 0.5292, -0.3119,  0.2195,  0.5292, -0.3119,  0.2195,  0.5292, -0.3119,
          0.2195,  0.5292, -0.3119,  0.2195,  0.5292, -0.3119,  0.2195,  0.5292,
         -0.3119,  0.2195],
        [ 0.3781,  0.3852,  0.1778,  0.3781,  0.3852,  0.1778,  0.3781,  0.3852,
          0.1778,  0.3781,  0.3852,  0.1778,  0.3781,  0.3852,  0.1778,  0.3781,
          0.3852,  0.1778],
        [ 0.6845, -0.3696, -0.3097,  0.6845, -0.3696, -0.3097,  0.6845, -0.3696,
         -0.3097,  0.6845, -0.3696, -0.3097,  0.6845, -0.3696, -0.3097,  0.6845,
         -0.3696, -0.3097],
        [-0.1426, -0.7427,  0.1442, -0.1426, -0.7427,  0.1442, -0.1426, -0.7427,
          0.1442, -0.1426, -0.7427,  0.1442, -0.1426, -0.7427,  0.1442, -0.1426,
         -0.7427,  0.1442],
        [-0.0035,  0.2529, -0.0282, -0.0035,  0.2529, -0.0282, -0.0035,  0.2529,
         -0.0282, -0.0035,  0.2529, -0.0282, -0.0035,  0.2529, -0.0282, -0.0035,
          0.2529, -0.0282],
        [-0.2968,  0.0470, -0.8959, -0.2968,  0.0470, -0.8959, -0.2968,  0.0470,
         -0.8959, -0.2968,  0.0470, -0.8959, -0.2968,  0.0470, -0.8959, -0.2968,
          0.0470, -0.8959],
        [ 0.5292, -0.3119,  0.2195,  0.5292, -0.3119,  0.2195,  0.5292, -0.3119,
          0.2195,  0.5292, -0.3119,  0.2195,  0.5292, -0.3119,  0.2195,  0.5292,
         -0.3119,  0.2195],
        [ 0.3781,  0.3852,  0.1778,  0.3781,  0.3852,  0.1778,  0.3781,  0.3852,
          0.1778,  0.3781,  0.3852,  0.1778,  0.3781,  0.3852,  0.1778,  0.3781,
          0.3852,  0.1778],
        [ 0.6845, -0.3696, -0.3097,  0.6845, -0.3696, -0.3097,  0.6845, -0.3696,
         -0.3097,  0.6845, -0.3696, -0.3097,  0.6845, -0.3696, -0.3097,  0.6845,
         -0.3696, -0.3097],
        [-0.1426, -0.7427,  0.1442, -0.1426, -0.7427,  0.1442, -0.1426, -0.7427,
          0.1442, -0.1426, -0.7427,  0.1442, -0.1426, -0.7427,  0.1442, -0.1426,
         -0.7427,  0.1442],
        [-0.0035,  0.2529, -0.0282, -0.0035,  0.2529, -0.0282, -0.0035,  0.2529,
         -0.0282, -0.0035,  0.2529, -0.0282, -0.0035,  0.2529, -0.0282, -0.0035,
          0.2529, -0.0282],
        [-0.2968,  0.0470, -0.8959, -0.2968,  0.0470, -0.8959, -0.2968,  0.0470,
         -0.8959, -0.2968,  0.0470, -0.8959, -0.2968,  0.0470, -0.8959, -0.2968,
          0.0470, -0.8959],
        [ 0.5292, -0.3119,  0.2195,  0.5292, -0.3119,  0.2195,  0.5292, -0.3119,
          0.2195,  0.5292, -0.3119,  0.2195,  0.5292, -0.3119,  0.2195,  0.5292,
         -0.3119,  0.2195],
        [ 0.3781,  0.3852,  0.1778,  0.3781,  0.3852,  0.1778,  0.3781,  0.3852,
          0.1778,  0.3781,  0.3852,  0.1778,  0.3781,  0.3852,  0.1778,  0.3781,
          0.3852,  0.1778],
        [ 0.6845, -0.3696, -0.3097,  0.6845, -0.3696, -0.3097,  0.6845, -0.3696,
         -0.3097,  0.6845, -0.3696, -0.3097,  0.6845, -0.3696, -0.3097,  0.6845,
         -0.3696, -0.3097],
        [-0.1426, -0.7427,  0.1442, -0.1426, -0.7427,  0.1442, -0.1426, -0.7427,
          0.1442, -0.1426, -0.7427,  0.1442, -0.1426, -0.7427,  0.1442, -0.1426,
         -0.7427,  0.1442]], grad_fn=<RepeatBackward0>),
    'result': tensor([[-1.4583e-01,  1.4623e-02, -2.6494e-02,  5.4770e-01, -4.9051e-01,
         -5.6723e-01,  3.0909e-01,  8.3062e-02,  1.4293e-02,  1.6804e-02,
          5.9407e-02, -4.4287e-02, -1.3831e-02, -1.0302e-02,  5.5539e-03,
         -6.4318e-02,  4.9084e-02,  1.4152e-02],
        [-8.6097e-02, -5.0568e-01, -9.0250e-02, -6.0082e-01, -1.4273e-01,
         -4.8504e-01, -1.4891e-01,  2.9733e-01,  2.7070e-02, -3.8179e-03,
         -8.9527e-03,  1.5238e-02,  7.6616e-03,  3.2674e-03,  8.1496e-04,
          1.9228e-02,  4.3112e-04, -4.3445e-03],
        [ 1.9578e-01,  1.6771e-01, -2.1623e-01,  4.0451e-02,  3.0651e-01,
         -2.1164e-01,  4.7839e-02,  9.9876e-02,  8.5423e-01, -9.4712e-03,
         -2.4661e-02,  3.5009e-02,  1.6568e-02,  7.6056e-03,  9.0122e-04,
          4.5210e-02, -5.1792e-03, -1.0168e-02],
        [-2.0505e-01,  2.0204e-01, -1.9757e-01, -2.4871e-01, -2.0981e-01,
          4.9478e-02,  1.7890e-01, -2.2558e-01,  6.3442e-02,  7.8827e-01,
         -1.2060e-01,  1.1263e-01,  4.2879e-02,  2.5464e-02, -6.8911e-03,
          1.5587e-01, -7.8870e-02, -3.4599e-02],
        [ 1.9622e-01, -8.3705e-02, -4.5284e-01,  4.1538e-02, -1.6854e-01,
          2.1243e-01, -3.5412e-02,  1.2275e-01, -3.2076e-02,  3.9353e-02,
          7.9444e-01,  8.7100e-02,  3.8683e-02,  1.9164e-02, -1.4124e-04,
          1.1502e-01, -2.8029e-02, -2.5757e-02],
        [ 4.3101e-01, -3.8018e-02,  1.8339e-01, -6.2922e-02, -1.6501e-01,
          3.0938e-02,  2.4164e-01,  4.2877e-02, -2.6467e-02, -5.5852e-02,
         -1.1707e-01,  8.1446e-01, -2.5953e-02, -1.1703e-02, -1.7483e-03,
         -6.9400e-02,  5.7243e-03,  1.5626e-02],
        [-1.4583e-01,  1.4623e-02, -2.6494e-02,  1.5920e-01, -7.3040e-02,
         -7.0066e-02, -4.6751e-01, -1.3014e-01,  3.5399e-02, -4.6968e-02,
         -5.4932e-02,  2.5034e-01,  7.9615e-01,  9.9692e-03,  2.4742e-03,
          5.8672e-02,  1.2394e-03, -1.3256e-02],
        [-8.6097e-02, -5.0568e-01, -9.0250e-02,  1.4119e-01,  1.5407e-01,
          6.6553e-02,  2.0712e-01, -3.5498e-01,  7.4585e-02, -1.0318e-02,
         -2.2387e-02,  4.3243e-02,  2.2505e-02,  7.0679e-01, -2.5606e-03,
         -5.8587e-02, -1.7863e-03,  1.3241e-02],
        [ 1.9578e-01,  1.6771e-01, -2.1623e-01, -4.6358e-02,  3.1170e-01,
         -3.6591e-01,  3.6229e-02, -2.2057e-01, -3.1025e-01,  1.7761e-03,
          3.1280e-02,  2.3796e-02,  2.3401e-02,  4.0108e-03,  7.0934e-01,
         -6.9054e-03, -4.5313e-02,  1.8999e-03],
        [-2.0505e-01,  2.0204e-01, -1.9757e-01, -2.4871e-01, -2.0981e-01,
          4.9478e-02,  1.7890e-01, -2.2558e-01,  6.3442e-02, -4.2267e-01,
         -3.0203e-02,  3.0723e-02,  1.2376e-02,  6.8809e-03, -1.2408e-03,
          1.9756e-01, -1.2267e-02,  6.8041e-01],
        [ 1.9622e-01, -8.3705e-02, -4.5284e-01,  4.1538e-02, -1.6854e-01,
          2.1243e-01, -3.5413e-02,  1.2275e-01, -3.2076e-02,  3.9353e-02,
         -3.6050e-01, -1.1719e-01,  5.1367e-02, -3.5656e-02,  9.7307e-02,
         -2.5813e-01,  6.5476e-01,  5.3357e-02],
        [ 4.3101e-01, -3.8018e-02,  1.8339e-01, -6.2922e-02, -1.6501e-01,
          3.0938e-02,  2.4164e-01,  4.2876e-02, -2.6467e-02, -5.5852e-02,
         -1.1707e-01, -3.3695e-01,  2.7777e-01,  1.1297e-01,  3.8300e-02,
          6.6022e-01,  7.7762e-02, -1.4965e-01],
        [-1.4583e-01,  1.4623e-02, -2.6494e-02,  1.5920e-01, -7.3040e-02,
         -7.0066e-02, -4.6751e-01, -1.3014e-01,  3.5399e-02, -4.6968e-02,
         -5.4932e-02,  2.5034e-01, -4.9785e-01,  9.2944e-02,  6.8033e-02,
          5.2655e-01,  2.9078e-01, -1.2107e-01],
        [-8.6097e-02, -5.0568e-01, -9.0250e-02,  1.4119e-01,  1.5407e-01,
          6.6553e-02,  2.0712e-01, -3.5498e-01,  7.4585e-02, -1.0318e-02,
         -2.2387e-02,  4.3242e-02,  2.2505e-02, -6.8839e-01,  8.6188e-03,
          1.6619e-01,  1.3337e-02, -3.7623e-02],
        [ 1.9578e-01,  1.6771e-01, -2.1623e-01, -4.6358e-02,  3.1170e-01,
         -3.6591e-01,  3.6229e-02, -2.2057e-01, -3.1025e-01,  1.7761e-03,
          3.1280e-02,  2.3796e-02,  2.3401e-02,  4.0108e-03, -6.8531e-01,
          4.4093e-02,  1.8314e-01, -1.1332e-02],
        [-2.0505e-01,  2.0204e-01, -1.9757e-01, -2.4871e-01, -2.0981e-01,
          4.9478e-02,  1.7890e-01, -2.2558e-01,  6.3442e-02, -4.2267e-01,
         -3.0203e-02,  3.0723e-02,  1.2376e-02,  6.8809e-03, -1.2408e-03,
         -1.1389e-01, -2.2641e-02, -6.9904e-01],
        [ 1.9622e-01, -8.3705e-02, -4.5284e-01,  1.8884e-01, -1.1152e-01,
          5.9790e-02, -1.7478e-01,  1.1380e-01, -1.1751e-01, -6.6330e-02,
         -4.1585e-01, -3.1757e-02, -1.2576e-01,  3.6697e-03, -1.0480e-01,
          6.9682e-02, -6.5599e-01, -1.0799e-02],
        [ 4.3101e-01, -3.8018e-02,  1.8339e-01, -9.9748e-02, -3.6994e-01,
         -9.2985e-02, -3.2955e-01, -5.5866e-01,  1.8401e-01,  5.0622e-02,
          9.4761e-02, -2.2931e-01, -1.2540e-01, -4.8208e-02, -2.1748e-02,
         -2.7927e-01, -6.6744e-02,  6.3554e-02]], grad_fn=<LinalgQrBackward0>)}
GPU:
{   'PassFlattenCallTempVar1': tensor([[-0.0035, -0.2968,  0.5292,  0.3781,  0.6845, -0.1426, -0.0035, -0.2968,
          0.5292,  0.3781,  0.6845, -0.1426, -0.0035, -0.2968,  0.5292,  0.3781,
          0.6845, -0.1426],
        [ 0.2529,  0.0470, -0.3119,  0.3852, -0.3696, -0.7427,  0.2529,  0.0470,
         -0.3119,  0.3852, -0.3696, -0.7427,  0.2529,  0.0470, -0.3119,  0.3852,
         -0.3696, -0.7427],
        [-0.0282, -0.8959,  0.2195,  0.1778, -0.3097,  0.1442, -0.0282, -0.8959,
          0.2195,  0.1778, -0.3097,  0.1442, -0.0282, -0.8959,  0.2195,  0.1778,
         -0.3097,  0.1442],
        [-0.0035, -0.2968,  0.5292,  0.3781,  0.6845, -0.1426, -0.0035, -0.2968,
          0.5292,  0.3781,  0.6845, -0.1426, -0.0035, -0.2968,  0.5292,  0.3781,
          0.6845, -0.1426],
        [ 0.2529,  0.0470, -0.3119,  0.3852, -0.3696, -0.7427,  0.2529,  0.0470,
         -0.3119,  0.3852, -0.3696, -0.7427,  0.2529,  0.0470, -0.3119,  0.3852,
         -0.3696, -0.7427],
        [-0.0282, -0.8959,  0.2195,  0.1778, -0.3097,  0.1442, -0.0282, -0.8959,
          0.2195,  0.1778, -0.3097,  0.1442, -0.0282, -0.8959,  0.2195,  0.1778,
         -0.3097,  0.1442],
        [-0.0035, -0.2968,  0.5292,  0.3781,  0.6845, -0.1426, -0.0035, -0.2968,
          0.5292,  0.3781,  0.6845, -0.1426, -0.0035, -0.2968,  0.5292,  0.3781,
          0.6845, -0.1426],
        [ 0.2529,  0.0470, -0.3119,  0.3852, -0.3696, -0.7427,  0.2529,  0.0470,
         -0.3119,  0.3852, -0.3696, -0.7427,  0.2529,  0.0470, -0.3119,  0.3852,
         -0.3696, -0.7427],
        [-0.0282, -0.8959,  0.2195,  0.1778, -0.3097,  0.1442, -0.0282, -0.8959,
          0.2195,  0.1778, -0.3097,  0.1442, -0.0282, -0.8959,  0.2195,  0.1778,
         -0.3097,  0.1442],
        [-0.0035, -0.2968,  0.5292,  0.3781,  0.6845, -0.1426, -0.0035, -0.2968,
          0.5292,  0.3781,  0.6845, -0.1426, -0.0035, -0.2968,  0.5292,  0.3781,
          0.6845, -0.1426],
        [ 0.2529,  0.0470, -0.3119,  0.3852, -0.3696, -0.7427,  0.2529,  0.0470,
         -0.3119,  0.3852, -0.3696, -0.7427,  0.2529,  0.0470, -0.3119,  0.3852,
         -0.3696, -0.7427],
        [-0.0282, -0.8959,  0.2195,  0.1778, -0.3097,  0.1442, -0.0282, -0.8959,
          0.2195,  0.1778, -0.3097,  0.1442, -0.0282, -0.8959,  0.2195,  0.1778,
         -0.3097,  0.1442],
        [-0.0035, -0.2968,  0.5292,  0.3781,  0.6845, -0.1426, -0.0035, -0.2968,
          0.5292,  0.3781,  0.6845, -0.1426, -0.0035, -0.2968,  0.5292,  0.3781,
          0.6845, -0.1426],
        [ 0.2529,  0.0470, -0.3119,  0.3852, -0.3696, -0.7427,  0.2529,  0.0470,
         -0.3119,  0.3852, -0.3696, -0.7427,  0.2529,  0.0470, -0.3119,  0.3852,
         -0.3696, -0.7427],
        [-0.0282, -0.8959,  0.2195,  0.1778, -0.3097,  0.1442, -0.0282, -0.8959,
          0.2195,  0.1778, -0.3097,  0.1442, -0.0282, -0.8959,  0.2195,  0.1778,
         -0.3097,  0.1442],
        [-0.0035, -0.2968,  0.5292,  0.3781,  0.6845, -0.1426, -0.0035, -0.2968,
          0.5292,  0.3781,  0.6845, -0.1426, -0.0035, -0.2968,  0.5292,  0.3781,
          0.6845, -0.1426],
        [ 0.2529,  0.0470, -0.3119,  0.3852, -0.3696, -0.7427,  0.2529,  0.0470,
         -0.3119,  0.3852, -0.3696, -0.7427,  0.2529,  0.0470, -0.3119,  0.3852,
         -0.3696, -0.7427],
        [-0.0282, -0.8959,  0.2195,  0.1778, -0.3097,  0.1442, -0.0282, -0.8959,
          0.2195,  0.1778, -0.3097,  0.1442, -0.0282, -0.8959,  0.2195,  0.1778,
         -0.3097,  0.1442]], device='cuda:0', grad_fn=<TBackward0>),
    'PassFlattenCallTempVar2': tensor([[ 0.3885,  0.2294, -0.5216,  0.5463, -0.5228, -1.1483,  0.3885,  0.2294,
         -0.5216,  0.5463, -0.5228, -1.1483,  0.3885,  0.2294, -0.5216,  0.5463,
         -0.5228, -1.1483],
        [ 0.2294,  5.3582, -2.2104, -1.5204,  0.3416, -0.7307,  0.2294,  5.3582,
         -2.2104, -1.5204,  0.3416, -0.7307,  0.2294,  5.3582, -2.2104, -1.5204,
          0.3416, -0.7307],
        [-0.5216, -2.2104,  2.5530,  0.7138,  2.4571,  1.1271, -0.5216, -2.2104,
          2.5530,  0.7138,  2.4571,  1.1271, -0.5216, -2.2104,  2.5530,  0.7138,
          2.4571,  1.1271],
        [ 0.5463, -1.5204,  0.7138,  1.9375,  0.3684, -1.8861,  0.5463, -1.5204,
          0.7138,  1.9375,  0.3684, -1.8861,  0.5463, -1.5204,  0.7138,  1.9375,
          0.3684, -1.8861],
        [-0.5228,  0.3416,  2.4571,  0.3684,  4.2063,  0.7934, -0.5228,  0.3416,
          2.4571,  0.3684,  4.2063,  0.7934, -0.5228,  0.3416,  2.4571,  0.3684,
          4.2063,  0.7934],
        [-1.1483, -0.7307,  1.1271, -1.8861,  0.7934,  3.5565, -1.1483, -0.7307,
          1.1271, -1.8861,  0.7934,  3.5565, -1.1483, -0.7307,  1.1271, -1.8861,
          0.7934,  3.5565],
        [ 0.3885,  0.2294, -0.5216,  0.5463, -0.5228, -1.1483,  0.3885,  0.2294,
         -0.5216,  0.5463, -0.5228, -1.1483,  0.3885,  0.2294, -0.5216,  0.5463,
         -0.5228, -1.1483],
        [ 0.2294,  5.3582, -2.2104, -1.5204,  0.3416, -0.7307,  0.2294,  5.3582,
         -2.2104, -1.5204,  0.3416, -0.7307,  0.2294,  5.3582, -2.2104, -1.5204,
          0.3416, -0.7307],
        [-0.5216, -2.2104,  2.5530,  0.7138,  2.4571,  1.1271, -0.5216, -2.2104,
          2.5530,  0.7138,  2.4571,  1.1271, -0.5216, -2.2104,  2.5530,  0.7138,
          2.4571,  1.1271],
        [ 0.5463, -1.5204,  0.7138,  1.9375,  0.3684, -1.8861,  0.5463, -1.5204,
          0.7138,  1.9375,  0.3684, -1.8861,  0.5463, -1.5204,  0.7138,  1.9375,
          0.3684, -1.8861],
        [-0.5228,  0.3416,  2.4571,  0.3684,  4.2063,  0.7934, -0.5228,  0.3416,
          2.4571,  0.3684,  4.2063,  0.7934, -0.5228,  0.3416,  2.4571,  0.3684,
          4.2063,  0.7934],
        [-1.1483, -0.7307,  1.1271, -1.8861,  0.7934,  3.5565, -1.1483, -0.7307,
          1.1271, -1.8861,  0.7934,  3.5565, -1.1483, -0.7307,  1.1271, -1.8861,
          0.7934,  3.5565],
        [ 0.3885,  0.2294, -0.5216,  0.5463, -0.5228, -1.1483,  0.3885,  0.2294,
         -0.5216,  0.5463, -0.5228, -1.1483,  0.3885,  0.2294, -0.5216,  0.5463,
         -0.5228, -1.1483],
        [ 0.2294,  5.3582, -2.2104, -1.5204,  0.3416, -0.7307,  0.2294,  5.3582,
         -2.2104, -1.5204,  0.3416, -0.7307,  0.2294,  5.3582, -2.2104, -1.5204,
          0.3416, -0.7307],
        [-0.5216, -2.2104,  2.5530,  0.7138,  2.4571,  1.1271, -0.5216, -2.2104,
          2.5530,  0.7138,  2.4571,  1.1271, -0.5216, -2.2104,  2.5530,  0.7138,
          2.4571,  1.1271],
        [ 0.5463, -1.5204,  0.7138,  1.9375,  0.3684, -1.8861,  0.5463, -1.5204,
          0.7138,  1.9375,  0.3684, -1.8861,  0.5463, -1.5204,  0.7138,  1.9375,
          0.3684, -1.8861],
        [-0.5228,  0.3416,  2.4571,  0.3684,  4.2063,  0.7934, -0.5228,  0.3416,
