WARNING: All log messages before absl::InitializeLog() is called are written to STDERR
I0000 00:00:1781439485.951493 1009509 port.cc:153] oneDNN custom operations are on. You may see slightly different numerical results due to floating-point round-off errors from different computation orders. To turn them off, set the environment variable `TF_ENABLE_ONEDNN_OPTS=0`.
I0000 00:00:1781439485.989830 1009509 cpu_feature_guard.cc:227] This TensorFlow binary is optimized to use available CPU instructions in performance-critical operations.
To enable the following instructions: AVX2 AVX512F AVX512_VNNI AVX512_BF16 FMA, in other operations, rebuild TensorFlow with the appropriate compiler flags.
WARNING: All log messages before absl::InitializeLog() is called are written to STDERR
I0000 00:00:1781439486.962051 1009509 port.cc:153] oneDNN custom operations are on. You may see slightly different numerical results due to floating-point round-off errors from different computation orders. To turn them off, set the environment variable `TF_ENABLE_ONEDNN_OPTS=0`.

FrameworkSingle DuelFinished 420 Problem since line 3
Last lines before problem: 
1 > 
2 > input_tensor = torch.randn(3, 3)
3 > (_, s, v) = torch.svd(input_tensor)
VarInconsistentCatch 
diff:['_', 'v']
CPU:
{   'PassLogTorchIntermediateTempVar1_input_tensor': tensor([[-1.6977,  0.6374,  0.0781],
        [-0.4140,  1.5172,  0.0473],
        [ 0.8435, -0.2261,  0.0345]]),
    '_': tensor([[-0.7587,  0.4660,  0.4553],
        [-0.5484, -0.8341, -0.0601],
        [ 0.3517, -0.2953,  0.8883]]),
    'input_tensor': tensor([[-1.6977,  0.6374,  0.0781],
        [-0.4140,  1.5172,  0.0473],
        [ 0.8435, -0.2261,  0.0345]]),
    's': tensor([2.2877, 1.1384, 0.0634]),
    'v': tensor([[ 0.7919, -0.6104,  0.0182],
        [-0.6098, -0.7920, -0.0287],
        [-0.0319, -0.0116,  0.9994]])}
GPU:
{   'PassLogTorchIntermediateTempVar1_input_tensor': tensor([[-1.6977,  0.6374,  0.0781],
        [-0.4140,  1.5172,  0.0473],
        [ 0.8435, -0.2261,  0.0345]], device='cuda:0'),
    '_': tensor([[-0.7587, -0.4660, -0.4553],
        [-0.5484,  0.8341,  0.0601],
        [ 0.3517,  0.2953, -0.8883]], device='cuda:0'),
    'input_tensor': tensor([[-1.6977,  0.6374,  0.0781],
        [-0.4140,  1.5172,  0.0473],
        [ 0.8435, -0.2261,  0.0345]], device='cuda:0'),
    's': tensor([2.2877, 1.1384, 0.0634], device='cuda:0'),
    'v': tensor([[ 0.7919,  0.6104, -0.0182],
        [-0.6098,  0.7920,  0.0287],
        [-0.0319,  0.0116, -0.9994]], device='cuda:0')}
