WARNING: All log messages before absl::InitializeLog() is called are written to STDERR
I0000 00:00:1781439420.767747 1003888 port.cc:153] oneDNN custom operations are on. You may see slightly different numerical results due to floating-point round-off errors from different computation orders. To turn them off, set the environment variable `TF_ENABLE_ONEDNN_OPTS=0`.
I0000 00:00:1781439420.806177 1003888 cpu_feature_guard.cc:227] This TensorFlow binary is optimized to use available CPU instructions in performance-critical operations.
To enable the following instructions: AVX2 AVX512F AVX512_VNNI AVX512_BF16 FMA, in other operations, rebuild TensorFlow with the appropriate compiler flags.
WARNING: All log messages before absl::InitializeLog() is called are written to STDERR
I0000 00:00:1781439421.810908 1003888 port.cc:153] oneDNN custom operations are on. You may see slightly different numerical results due to floating-point round-off errors from different computation orders. To turn them off, set the environment variable `TF_ENABLE_ONEDNN_OPTS=0`.
:17: UserWarning: torch.qr is deprecated in favor of torch.linalg.qr and will be removed in a future PyTorch release.
The boolean parameter 'some' has been replaced with a string parameter 'mode'.
Q, R = torch.qr(A, some)
should be replaced with
Q, R = torch.linalg.qr(A, 'reduced' if some else 'complete') (Triggered internally at /pytorch/aten/src/ATen/native/BatchLinearAlgebra.cpp:2491.)

FrameworkSingle DuelFinished 420 Problem since line 5
Last lines before problem: 
2 > input_data = torch.randn(2, 3)
3 > input_data = torch.nn.functional.normalize(input_data, dim=0)
4 > input_data = input_data.repeat(3, 6)
5 > result = torch.qr(torch.mm(input_data, input_data.t()))[0]
VarInconsistentCatch 
diff:['result', 'PassLogTorchIntermediateTempVar7_result']
CPU:
{   'PassFlattenCallTempVar1': tensor([[-0.9715, -0.2369, -0.9715, -0.2369, -0.9715, -0.2369],
        [ 0.3873,  0.9219,  0.3873,  0.9219,  0.3873,  0.9219],
        [ 0.8556,  0.5177,  0.8556,  0.5177,  0.8556,  0.5177],
        [-0.9715, -0.2369, -0.9715, -0.2369, -0.9715, -0.2369],
        [ 0.3873,  0.9219,  0.3873,  0.9219,  0.3873,  0.9219],
        [ 0.8556,  0.5177,  0.8556,  0.5177,  0.8556,  0.5177],
        [-0.9715, -0.2369, -0.9715, -0.2369, -0.9715, -0.2369],
        [ 0.3873,  0.9219,  0.3873,  0.9219,  0.3873,  0.9219],
        [ 0.8556,  0.5177,  0.8556,  0.5177,  0.8556,  0.5177],
        [-0.9715, -0.2369, -0.9715, -0.2369, -0.9715, -0.2369],
        [ 0.3873,  0.9219,  0.3873,  0.9219,  0.3873,  0.9219],
        [ 0.8556,  0.5177,  0.8556,  0.5177,  0.8556,  0.5177],
        [-0.9715, -0.2369, -0.9715, -0.2369, -0.9715, -0.2369],
        [ 0.3873,  0.9219,  0.3873,  0.9219,  0.3873,  0.9219],
        [ 0.8556,  0.5177,  0.8556,  0.5177,  0.8556,  0.5177],
        [-0.9715, -0.2369, -0.9715, -0.2369, -0.9715, -0.2369],
        [ 0.3873,  0.9219,  0.3873,  0.9219,  0.3873,  0.9219],
        [ 0.8556,  0.5177,  0.8556,  0.5177,  0.8556,  0.5177]]),
    'PassFlattenCallTempVar2': tensor([[10.9553,  6.1813, 10.9553,  6.1813, 10.9553,  6.1813],
        [ 6.1813,  7.0447,  6.1813,  7.0447,  6.1813,  7.0447],
        [10.9553,  6.1813, 10.9553,  6.1813, 10.9553,  6.1813],
        [ 6.1813,  7.0447,  6.1813,  7.0447,  6.1813,  7.0447],
        [10.9553,  6.1813, 10.9553,  6.1813, 10.9553,  6.1813],
        [ 6.1813,  7.0447,  6.1813,  7.0447,  6.1813,  7.0447]]),
    'PassLogTorchIntermediateTempVar1_input_data': tensor([[-1.6977,  0.6374,  0.0781],
        [-0.4140,  1.5172,  0.0473]]),
    'PassLogTorchIntermediateTempVar2_input_data': tensor([[-0.9715,  0.3873,  0.8556],
        [-0.2369,  0.9219,  0.5177]]),
    'PassLogTorchIntermediateTempVar3_input_data': tensor([[-0.9715,  0.3873,  0.8556, -0.9715,  0.3873,  0.8556, -0.9715,  0.3873,
          0.8556, -0.9715,  0.3873,  0.8556, -0.9715,  0.3873,  0.8556, -0.9715,
          0.3873,  0.8556],
        [-0.2369,  0.9219,  0.5177, -0.2369,  0.9219,  0.5177, -0.2369,  0.9219,
          0.5177, -0.2369,  0.9219,  0.5177, -0.2369,  0.9219,  0.5177, -0.2369,
          0.9219,  0.5177],
        [-0.9715,  0.3873,  0.8556, -0.9715,  0.3873,  0.8556, -0.9715,  0.3873,
          0.8556, -0.9715,  0.3873,  0.8556, -0.9715,  0.3873,  0.8556, -0.9715,
          0.3873,  0.8556],
        [-0.2369,  0.9219,  0.5177, -0.2369,  0.9219,  0.5177, -0.2369,  0.9219,
          0.5177, -0.2369,  0.9219,  0.5177, -0.2369,  0.9219,  0.5177, -0.2369,
          0.9219,  0.5177],
        [-0.9715,  0.3873,  0.8556, -0.9715,  0.3873,  0.8556, -0.9715,  0.3873,
          0.8556, -0.9715,  0.3873,  0.8556, -0.9715,  0.3873,  0.8556, -0.9715,
          0.3873,  0.8556],
        [-0.2369,  0.9219,  0.5177, -0.2369,  0.9219,  0.5177, -0.2369,  0.9219,
          0.5177, -0.2369,  0.9219,  0.5177, -0.2369,  0.9219,  0.5177, -0.2369,
          0.9219,  0.5177]]),
    'PassLogTorchIntermediateTempVar4_PassFlattenCallTempVar1': tensor([[-0.9715, -0.2369, -0.9715, -0.2369, -0.9715, -0.2369],
        [ 0.3873,  0.9219,  0.3873,  0.9219,  0.3873,  0.9219],
        [ 0.8556,  0.5177,  0.8556,  0.5177,  0.8556,  0.5177],
        [-0.9715, -0.2369, -0.9715, -0.2369, -0.9715, -0.2369],
        [ 0.3873,  0.9219,  0.3873,  0.9219,  0.3873,  0.9219],
        [ 0.8556,  0.5177,  0.8556,  0.5177,  0.8556,  0.5177],
        [-0.9715, -0.2369, -0.9715, -0.2369, -0.9715, -0.2369],
        [ 0.3873,  0.9219,  0.3873,  0.9219,  0.3873,  0.9219],
        [ 0.8556,  0.5177,  0.8556,  0.5177,  0.8556,  0.5177],
        [-0.9715, -0.2369, -0.9715, -0.2369, -0.9715, -0.2369],
        [ 0.3873,  0.9219,  0.3873,  0.9219,  0.3873,  0.9219],
        [ 0.8556,  0.5177,  0.8556,  0.5177,  0.8556,  0.5177],
        [-0.9715, -0.2369, -0.9715, -0.2369, -0.9715, -0.2369],
        [ 0.3873,  0.9219,  0.3873,  0.9219,  0.3873,  0.9219],
        [ 0.8556,  0.5177,  0.8556,  0.5177,  0.8556,  0.5177],
        [-0.9715, -0.2369, -0.9715, -0.2369, -0.9715, -0.2369],
        [ 0.3873,  0.9219,  0.3873,  0.9219,  0.3873,  0.9219],
        [ 0.8556,  0.5177,  0.8556,  0.5177,  0.8556,  0.5177]]),
    'PassLogTorchIntermediateTempVar5_PassFlattenCallTempVar2': tensor([[10.9553,  6.1813, 10.9553,  6.1813, 10.9553,  6.1813],
        [ 6.1813,  7.0447,  6.1813,  7.0447,  6.1813,  7.0447],
        [10.9553,  6.1813, 10.9553,  6.1813, 10.9553,  6.1813],
        [ 6.1813,  7.0447,  6.1813,  7.0447,  6.1813,  7.0447],
        [10.9553,  6.1813, 10.9553,  6.1813, 10.9553,  6.1813],
        [ 6.1813,  7.0447,  6.1813,  7.0447,  6.1813,  7.0447]]),
    'PassLogTorchIntermediateTempVar7_result': tensor([[-0.5028,  0.2837, -0.5717, -0.0198, -0.5800, -0.0560],
        [-0.2837, -0.5028,  0.0809,  0.8054, -0.1063, -0.0103],
        [-0.5028,  0.2837,  0.7858, -0.1048, -0.1944, -0.0188],
        [-0.2837, -0.5028, -0.0404, -0.4027,  0.1211, -0.6987],
        [-0.5028,  0.2837, -0.2142,  0.1246,  0.7744,  0.0748],
        [-0.2837, -0.5028, -0.0404, -0.4027, -0.0148,  0.7090]]),
    'input_data': tensor([[-0.9715,  0.3873,  0.8556, -0.9715,  0.3873,  0.8556, -0.9715,  0.3873,
          0.8556, -0.9715,  0.3873,  0.8556, -0.9715,  0.3873,  0.8556, -0.9715,
          0.3873,  0.8556],
        [-0.2369,  0.9219,  0.5177, -0.2369,  0.9219,  0.5177, -0.2369,  0.9219,
          0.5177, -0.2369,  0.9219,  0.5177, -0.2369,  0.9219,  0.5177, -0.2369,
          0.9219,  0.5177],
        [-0.9715,  0.3873,  0.8556, -0.9715,  0.3873,  0.8556, -0.9715,  0.3873,
          0.8556, -0.9715,  0.3873,  0.8556, -0.9715,  0.3873,  0.8556, -0.9715,
          0.3873,  0.8556],
        [-0.2369,  0.9219,  0.5177, -0.2369,  0.9219,  0.5177, -0.2369,  0.9219,
          0.5177, -0.2369,  0.9219,  0.5177, -0.2369,  0.9219,  0.5177, -0.2369,
          0.9219,  0.5177],
        [-0.9715,  0.3873,  0.8556, -0.9715,  0.3873,  0.8556, -0.9715,  0.3873,
          0.8556, -0.9715,  0.3873,  0.8556, -0.9715,  0.3873,  0.8556, -0.9715,
          0.3873,  0.8556],
        [-0.2369,  0.9219,  0.5177, -0.2369,  0.9219,  0.5177, -0.2369,  0.9219,
          0.5177, -0.2369,  0.9219,  0.5177, -0.2369,  0.9219,  0.5177, -0.2369,
          0.9219,  0.5177]]),
    'result': tensor([[-0.5028,  0.2837, -0.5717, -0.0198, -0.5800, -0.0560],
        [-0.2837, -0.5028,  0.0809,  0.8054, -0.1063, -0.0103],
        [-0.5028,  0.2837,  0.7858, -0.1048, -0.1944, -0.0188],
        [-0.2837, -0.5028, -0.0404, -0.4027,  0.1211, -0.6987],
        [-0.5028,  0.2837, -0.2142,  0.1246,  0.7744,  0.0748],
        [-0.2837, -0.5028, -0.0404, -0.4027, -0.0148,  0.7090]])}
GPU:
{   'PassFlattenCallTempVar1': tensor([[-0.9715, -0.2369, -0.9715, -0.2369, -0.9715, -0.2369],
        [ 0.3873,  0.9219,  0.3873,  0.9219,  0.3873,  0.9219],
        [ 0.8556,  0.5177,  0.8556,  0.5177,  0.8556,  0.5177],
        [-0.9715, -0.2369, -0.9715, -0.2369, -0.9715, -0.2369],
        [ 0.3873,  0.9219,  0.3873,  0.9219,  0.3873,  0.9219],
        [ 0.8556,  0.5177,  0.8556,  0.5177,  0.8556,  0.5177],
        [-0.9715, -0.2369, -0.9715, -0.2369, -0.9715, -0.2369],
        [ 0.3873,  0.9219,  0.3873,  0.9219,  0.3873,  0.9219],
        [ 0.8556,  0.5177,  0.8556,  0.5177,  0.8556,  0.5177],
        [-0.9715, -0.2369, -0.9715, -0.2369, -0.9715, -0.2369],
        [ 0.3873,  0.9219,  0.3873,  0.9219,  0.3873,  0.9219],
        [ 0.8556,  0.5177,  0.8556,  0.5177,  0.8556,  0.5177],
        [-0.9715, -0.2369, -0.9715, -0.2369, -0.9715, -0.2369],
        [ 0.3873,  0.9219,  0.3873,  0.9219,  0.3873,  0.9219],
        [ 0.8556,  0.5177,  0.8556,  0.5177,  0.8556,  0.5177],
        [-0.9715, -0.2369, -0.9715, -0.2369, -0.9715, -0.2369],
        [ 0.3873,  0.9219,  0.3873,  0.9219,  0.3873,  0.9219],
        [ 0.8556,  0.5177,  0.8556,  0.5177,  0.8556,  0.5177]],
       device='cuda:0'),
    'PassFlattenCallTempVar2': tensor([[10.9553,  6.1813, 10.9553,  6.1813, 10.9553,  6.1813],
        [ 6.1813,  7.0447,  6.1813,  7.0447,  6.1813,  7.0447],
        [10.9553,  6.1813, 10.9553,  6.1813, 10.9553,  6.1813],
        [ 6.1813,  7.0447,  6.1813,  7.0447,  6.1813,  7.0447],
        [10.9553,  6.1813, 10.9553,  6.1813, 10.9553,  6.1813],
        [ 6.1813,  7.0447,  6.1813,  7.0447,  6.1813,  7.0447]],
       device='cuda:0'),
    'PassLogTorchIntermediateTempVar1_input_data': tensor([[-1.6977,  0.6374,  0.0781],
        [-0.4140,  1.5172,  0.0473]], device='cuda:0'),
    'PassLogTorchIntermediateTempVar2_input_data': tensor([[-0.9715,  0.3873,  0.8556],
        [-0.2369,  0.9219,  0.5177]], device='cuda:0'),
    'PassLogTorchIntermediateTempVar3_input_data': tensor([[-0.9715,  0.3873,  0.8556, -0.9715,  0.3873,  0.8556, -0.9715,  0.3873,
          0.8556, -0.9715,  0.3873,  0.8556, -0.9715,  0.3873,  0.8556, -0.9715,
          0.3873,  0.8556],
        [-0.2369,  0.9219,  0.5177, -0.2369,  0.9219,  0.5177, -0.2369,  0.9219,
          0.5177, -0.2369,  0.9219,  0.5177, -0.2369,  0.9219,  0.5177, -0.2369,
          0.9219,  0.5177],
        [-0.9715,  0.3873,  0.8556, -0.9715,  0.3873,  0.8556, -0.9715,  0.3873,
          0.8556, -0.9715,  0.3873,  0.8556, -0.9715,  0.3873,  0.8556, -0.9715,
          0.3873,  0.8556],
        [-0.2369,  0.9219,  0.5177, -0.2369,  0.9219,  0.5177, -0.2369,  0.9219,
          0.5177, -0.2369,  0.9219,  0.5177, -0.2369,  0.9219,  0.5177, -0.2369,
          0.9219,  0.5177],
        [-0.9715,  0.3873,  0.8556, -0.9715,  0.3873,  0.8556, -0.9715,  0.3873,
          0.8556, -0.9715,  0.3873,  0.8556, -0.9715,  0.3873,  0.8556, -0.9715,
          0.3873,  0.8556],
        [-0.2369,  0.9219,  0.5177, -0.2369,  0.9219,  0.5177, -0.2369,  0.9219,
          0.5177, -0.2369,  0.9219,  0.5177, -0.2369,  0.9219,  0.5177, -0.2369,
          0.9219,  0.5177]], device='cuda:0'),
    'PassLogTorchIntermediateTempVar4_PassFlattenCallTempVar1': tensor([[-0.9715, -0.2369, -0.9715, -0.2369, -0.9715, -0.2369],
        [ 0.3873,  0.9219,  0.3873,  0.9219,  0.3873,  0.9219],
        [ 0.8556,  0.5177,  0.8556,  0.5177,  0.8556,  0.5177],
        [-0.9715, -0.2369, -0.9715, -0.2369, -0.9715, -0.2369],
        [ 0.3873,  0.9219,  0.3873,  0.9219,  0.3873,  0.9219],
        [ 0.8556,  0.5177,  0.8556,  0.5177,  0.8556,  0.5177],
        [-0.9715, -0.2369, -0.9715, -0.2369, -0.9715, -0.2369],
        [ 0.3873,  0.9219,  0.3873,  0.9219,  0.3873,  0.9219],
        [ 0.8556,  0.5177,  0.8556,  0.5177,  0.8556,  0.5177],
        [-0.9715, -0.2369, -0.9715, -0.2369, -0.9715, -0.2369],
        [ 0.3873,  0.9219,  0.3873,  0.9219,  0.3873,  0.9219],
        [ 0.8556,  0.5177,  0.8556,  0.5177,  0.8556,  0.5177],
        [-0.9715, -0.2369, -0.9715, -0.2369, -0.9715, -0.2369],
        [ 0.3873,  0.9219,  0.3873,  0.9219,  0.3873,  0.9219],
        [ 0.8556,  0.5177,  0.8556,  0.5177,  0.8556,  0.5177],
        [-0.9715, -0.2369, -0.9715, -0.2369, -0.9715, -0.2369],
        [ 0.3873,  0.9219,  0.3873,  0.9219,  0.3873,  0.9219],
        [ 0.8556,  0.5177,  0.8556,  0.5177,  0.8556,  0.5177]],
       device='cuda:0'),
    'PassLogTorchIntermediateTempVar5_PassFlattenCallTempVar2': tensor([[10.9553,  6.1813, 10.9553,  6.1813, 10.9553,  6.1813],
        [ 6.1813,  7.0447,  6.1813,  7.0447,  6.1813,  7.0447],
        [10.9553,  6.1813, 10.9553,  6.1813, 10.9553,  6.1813],
        [ 6.1813,  7.0447,  6.1813,  7.0447,  6.1813,  7.0447],
        [10.9553,  6.1813, 10.9553,  6.1813, 10.9553,  6.1813],
        [ 6.1813,  7.0447,  6.1813,  7.0447,  6.1813,  7.0447]],
       device='cuda:0'),
    'PassLogTorchIntermediateTempVar7_result': tensor([[-5.0283e-01,  2.8371e-01,  8.1650e-01,  4.4703e-08,  3.3155e-08,
          8.5706e-09],
        [-2.8371e-01, -5.0283e-01,  8.9407e-08,  8.1650e-01,  1.4609e-08,
          1.7188e-09],
        [-5.0283e-01,  2.8371e-01, -4.0825e-01,  2.9802e-08,  7.0711e-01,
          8.4434e-09],
        [-2.8371e-01, -5.0283e-01,  8.9407e-08, -4.0825e-01, -2.0558e-08,
         -7.0711e-01],
        [-5.0283e-01,  2.8371e-01, -4.0825e-01,  5.2154e-08, -7.0711e-01,
          9.3132e-09],
        [-2.8371e-01, -5.0283e-01,  8.9407e-08, -4.0825e-01, -1.1176e-08,
          7.0711e-01]], device='cuda:0'),
    'input_data': tensor([[-0.9715,  0.3873,  0.8556, -0.9715,  0.3873,  0.8556, -0.9715,  0.3873,
          0.8556, -0.9715,  0.3873,  0.8556, -0.9715,  0.3873,  0.8556, -0.9715,
          0.3873,  0.8556],
        [-0.2369,  0.9219,  0.5177, -0.2369,  0.9219,  0.5177, -0.2369,  0.9219,
          0.5177, -0.2369,  0.9219,  0.5177, -0.2369,  0.9219,  0.5177, -0.2369,
          0.9219,  0.5177],
        [-0.9715,  0.3873,  0.8556, -0.9715,  0.3873,  0.8556, -0.9715,  0.3873,
          0.8556, -0.9715,  0.3873,  0.8556, -0.9715,  0.3873,  0.8556, -0.9715,
          0.3873,  0.8556],
        [-0.2369,  0.9219,  0.5177, -0.2369,  0.9219,  0.5177, -0.2369,  0.9219,
          0.5177, -0.2369,  0.9219,  0.5177, -0.2369,  0.9219,  0.5177, -0.2369,
          0.9219,  0.5177],
        [-0.9715,  0.3873,  0.8556, -0.9715,  0.3873,  0.8556, -0.9715,  0.3873,
          0.8556, -0.9715,  0.3873,  0.8556, -0.9715,  0.3873,  0.8556, -0.9715,
          0.3873,  0.8556],
        [-0.2369,  0.9219,  0.5177, -0.2369,  0.9219,  0.5177, -0.2369,  0.9219,
          0.5177, -0.2369,  0.9219,  0.5177, -0.2369,  0.9219,  0.5177, -0.2369,
          0.9219,  0.5177]], device='cuda:0'),
    'result': tensor([[-5.0283e-01,  2.8371e-01,  8.1650e-01,  4.4703e-08,  3.3155e-08,
          8.5706e-09],
        [-2.8371e-01, -5.0283e-01,  8.9407e-08,  8.1650e-01,  1.4609e-08,
          1.7188e-09],
        [-5.0283e-01,  2.8371e-01, -4.0825e-01,  2.9802e-08,  7.0711e-01,
          8.4434e-09],
        [-2.8371e-01, -5.0283e-01,  8.9407e-08, -4.0825e-01, -2.0558e-08,
         -7.0711e-01],
        [-5.0283e-01,  2.8371e-01, -4.0825e-01,  5.2154e-08, -7.0711e-01,
          9.3132e-09],
        [-2.8371e-01, -5.0283e-01,  8.9407e-08, -4.0825e-01, -1.1176e-08,
          7.0711e-01]], device='cuda:0')}
