WARNING: All log messages before absl::InitializeLog() is called are written to STDERR
I0000 00:00:1781439456.259909 1006859 port.cc:153] oneDNN custom operations are on. You may see slightly different numerical results due to floating-point round-off errors from different computation orders. To turn them off, set the environment variable `TF_ENABLE_ONEDNN_OPTS=0`.
I0000 00:00:1781439456.297250 1006859 cpu_feature_guard.cc:227] This TensorFlow binary is optimized to use available CPU instructions in performance-critical operations.
To enable the following instructions: AVX2 AVX512F AVX512_VNNI AVX512_BF16 FMA, in other operations, rebuild TensorFlow with the appropriate compiler flags.
WARNING: All log messages before absl::InitializeLog() is called are written to STDERR
I0000 00:00:1781439457.276607 1006859 port.cc:153] oneDNN custom operations are on. You may see slightly different numerical results due to floating-point round-off errors from different computation orders. To turn them off, set the environment variable `TF_ENABLE_ONEDNN_OPTS=0`.
:17: UserWarning: torch.qr is deprecated in favor of torch.linalg.qr and will be removed in a future PyTorch release.
The boolean parameter 'some' has been replaced with a string parameter 'mode'.
Q, R = torch.qr(A, some)
should be replaced with
Q, R = torch.linalg.qr(A, 'reduced' if some else 'complete') (Triggered internally at /pytorch/aten/src/ATen/native/BatchLinearAlgebra.cpp:2491.)

FrameworkSingle DuelFinished 420 Problem since line 5
Last lines before problem: 
2 > input_data = torch.randn(7, 6)
3 > input_data = torch.nn.functional.normalize(input_data, dim=0)
4 > input_data = input_data.repeat(3, 6)
5 > result = torch.qr(torch.matmul(input_data, input_data.t()))[0]
VarInconsistentCatch 
diff:['result', 'PassLogTorchIntermediateTempVar7_result']
CPU:
{   'PassFlattenCallTempVar1': tensor([[-0.0037, -0.2670,  0.4805, -0.0336, -0.4610, -0.3016,  0.6270, -0.0037,
         -0.2670,  0.4805, -0.0336, -0.4610, -0.3016,  0.6270, -0.0037, -0.2670,
          0.4805, -0.0336, -0.4610, -0.3016,  0.6270],
        [ 0.3814,  0.5372, -0.3308, -0.4474,  0.1130,  0.4851,  0.0904,  0.3814,
          0.5372, -0.3308, -0.4474,  0.1130,  0.4851,  0.0904,  0.3814,  0.5372,
         -0.3308, -0.4474,  0.1130,  0.4851,  0.0904],
        [ 0.1490,  0.4020,  0.4485,  0.0208,  0.0896,  0.3265, -0.7071,  0.1490,
          0.4020,  0.4485,  0.0208,  0.0896,  0.3265, -0.7071,  0.1490,  0.4020,
          0.4485,  0.0208,  0.0896,  0.3265, -0.7071],
        [-0.1151,  0.1308,  0.4057, -0.6159,  0.3730,  0.5352, -0.0064, -0.1151,
          0.1308,  0.4057, -0.6159,  0.3730,  0.5352, -0.0064, -0.1151,  0.1308,
          0.4057, -0.6159,  0.3730,  0.5352, -0.0064],
        [ 0.0086,  0.7547, -0.0720,  0.3010,  0.2393, -0.5250,  0.0414,  0.0086,
          0.7547, -0.0720,  0.3010,  0.2393, -0.5250,  0.0414,  0.0086,  0.7547,
         -0.0720,  0.3010,  0.2393, -0.5250,  0.0414],
        [ 0.1586,  0.1100, -0.0147, -0.2579,  0.7633,  0.1569, -0.5375,  0.1586,
          0.1100, -0.0147, -0.2579,  0.7633,  0.1569, -0.5375,  0.1586,  0.1100,
         -0.0147, -0.2579,  0.7633,  0.1569, -0.5375],
        [-0.0037, -0.2670,  0.4805, -0.0336, -0.4610, -0.3016,  0.6270, -0.0037,
         -0.2670,  0.4805, -0.0336, -0.4610, -0.3016,  0.6270, -0.0037, -0.2670,
          0.4805, -0.0336, -0.4610, -0.3016,  0.6270],
        [ 0.3814,  0.5372, -0.3308, -0.4474,  0.1130,  0.4851,  0.0904,  0.3814,
          0.5372, -0.3308, -0.4474,  0.1130,  0.4851,  0.0904,  0.3814,  0.5372,
         -0.3308, -0.4474,  0.1130,  0.4851,  0.0904],
        [ 0.1490,  0.4020,  0.4485,  0.0208,  0.0896,  0.3265, -0.7071,  0.1490,
          0.4020,  0.4485,  0.0208,  0.0896,  0.3265, -0.7071,  0.1490,  0.4020,
          0.4485,  0.0208,  0.0896,  0.3265, -0.7071],
        [-0.1151,  0.1308,  0.4057, -0.6159,  0.3730,  0.5352, -0.0064, -0.1151,
          0.1308,  0.4057, -0.6159,  0.3730,  0.5352, -0.0064, -0.1151,  0.1308,
          0.4057, -0.6159,  0.3730,  0.5352, -0.0064],
        [ 0.0086,  0.7547, -0.0720,  0.3010,  0.2393, -0.5250,  0.0414,  0.0086,
          0.7547, -0.0720,  0.3010,  0.2393, -0.5250,  0.0414,  0.0086,  0.7547,
         -0.0720,  0.3010,  0.2393, -0.5250,  0.0414],
        [ 0.1586,  0.1100, -0.0147, -0.2579,  0.7633,  0.1569, -0.5375,  0.1586,
          0.1100, -0.0147, -0.2579,  0.7633,  0.1569, -0.5375,  0.1586,  0.1100,
         -0.0147, -0.2579,  0.7633,  0.1569, -0.5375],
        [-0.0037, -0.2670,  0.4805, -0.0336, -0.4610, -0.3016,  0.6270, -0.0037,
         -0.2670,  0.4805, -0.0336, -0.4610, -0.3016,  0.6270, -0.0037, -0.2670,
          0.4805, -0.0336, -0.4610, -0.3016,  0.6270],
        [ 0.3814,  0.5372, -0.3308, -0.4474,  0.1130,  0.4851,  0.0904,  0.3814,
          0.5372, -0.3308, -0.4474,  0.1130,  0.4851,  0.0904,  0.3814,  0.5372,
         -0.3308, -0.4474,  0.1130,  0.4851,  0.0904],
        [ 0.1490,  0.4020,  0.4485,  0.0208,  0.0896,  0.3265, -0.7071,  0.1490,
          0.4020,  0.4485,  0.0208,  0.0896,  0.3265, -0.7071,  0.1490,  0.4020,
          0.4485,  0.0208,  0.0896,  0.3265, -0.7071],
        [-0.1151,  0.1308,  0.4057, -0.6159,  0.3730,  0.5352, -0.0064, -0.1151,
          0.1308,  0.4057, -0.6159,  0.3730,  0.5352, -0.0064, -0.1151,  0.1308,
          0.4057, -0.6159,  0.3730,  0.5352, -0.0064],
        [ 0.0086,  0.7547, -0.0720,  0.3010,  0.2393, -0.5250,  0.0414,  0.0086,
          0.7547, -0.0720,  0.3010,  0.2393, -0.5250,  0.0414,  0.0086,  0.7547,
         -0.0720,  0.3010,  0.2393, -0.5250,  0.0414],
        [ 0.1586,  0.1100, -0.0147, -0.2579,  0.7633,  0.1569, -0.5375,  0.1586,
          0.1100, -0.0147, -0.2579,  0.7633,  0.1569, -0.5375,  0.1586,  0.1100,
         -0.0147, -0.2579,  0.7633,  0.1569, -0.5375],
        [-0.0037, -0.2670,  0.4805, -0.0336, -0.4610, -0.3016,  0.6270, -0.0037,
         -0.2670,  0.4805, -0.0336, -0.4610, -0.3016,  0.6270, -0.0037, -0.2670,
          0.4805, -0.0336, -0.4610, -0.3016,  0.6270],
        [ 0.3814,  0.5372, -0.3308, -0.4474,  0.1130,  0.4851,  0.0904,  0.3814,
          0.5372, -0.3308, -0.4474,  0.1130,  0.4851,  0.0904,  0.3814,  0.5372,
         -0.3308, -0.4474,  0.1130,  0.4851,  0.0904],
        [ 0.1490,  0.4020,  0.4485,  0.0208,  0.0896,  0.3265, -0.7071,  0.1490,
          0.4020,  0.4485,  0.0208,  0.0896,  0.3265, -0.7071,  0.1490,  0.4020,
          0.4485,  0.0208,  0.0896,  0.3265, -0.7071],
        [-0.1151,  0.1308,  0.4057, -0.6159,  0.3730,  0.5352, -0.0064, -0.1151,
          0.1308,  0.4057, -0.6159,  0.3730,  0.5352, -0.0064, -0.1151,  0.1308,
          0.4057, -0.6159,  0.3730,  0.5352, -0.0064],
        [ 0.0086,  0.7547, -0.0720,  0.3010,  0.2393, -0.5250,  0.0414,  0.0086,
          0.7547, -0.0720,  0.3010,  0.2393, -0.5250,  0.0414,  0.0086,  0.7547,
         -0.0720,  0.3010,  0.2393, -0.5250,  0.0414],
        [ 0.1586,  0.1100, -0.0147, -0.2579,  0.7633,  0.1569, -0.5375,  0.1586,
          0.1100, -0.0147, -0.2579,  0.7633,  0.1569, -0.5375,  0.1586,  0.1100,
         -0.0147, -0.2579,  0.7633,  0.1569, -0.5375],
        [-0.0037, -0.2670,  0.4805, -0.0336, -0.4610, -0.3016,  0.6270, -0.0037,
         -0.2670,  0.4805, -0.0336, -0.4610, -0.3016,  0.6270, -0.0037, -0.2670,
          0.4805, -0.0336, -0.4610, -0.3016,  0.6270],
        [ 0.3814,  0.5372, -0.3308, -0.4474,  0.1130,  0.4851,  0.0904,  0.3814,
          0.5372, -0.3308, -0.4474,  0.1130,  0.4851,  0.0904,  0.3814,  0.5372,
         -0.3308, -0.4474,  0.1130,  0.4851,  0.0904],
        [ 0.1490,  0.4020,  0.4485,  0.0208,  0.0896,  0.3265, -0.7071,  0.1490,
          0.4020,  0.4485,  0.0208,  0.0896,  0.3265, -0.7071,  0.1490,  0.4020,
          0.4485,  0.0208,  0.0896,  0.3265, -0.7071],
        [-0.1151,  0.1308,  0.4057, -0.6159,  0.3730,  0.5352, -0.0064, -0.1151,
          0.1308,  0.4057, -0.6159,  0.3730,  0.5352, -0.0064, -0.1151,  0.1308,
          0.4057, -0.6159,  0.3730,  0.5352, -0.0064],
        [ 0.0086,  0.7547, -0.0720,  0.3010,  0.2393, -0.5250,  0.0414,  0.0086,
          0.7547, -0.0720,  0.3010,  0.2393, -0.5250,  0.0414,  0.0086,  0.7547,
         -0.0720,  0.3010,  0.2393, -0.5250,  0.0414],
        [ 0.1586,  0.1100, -0.0147, -0.2579,  0.7633,  0.1569, -0.5375,  0.1586,
          0.1100, -0.0147, -0.2579,  0.7633,  0.1569, -0.5375,  0.1586,  0.1100,
         -0.0147, -0.2579,  0.7633,  0.1569, -0.5375],
        [-0.0037, -0.2670,  0.4805, -0.0336, -0.4610, -0.3016,  0.6270, -0.0037,
         -0.2670,  0.4805, -0.0336, -0.4610, -0.3016,  0.6270, -0.0037, -0.2670,
          0.4805, -0.0336, -0.4610, -0.3016,  0.6270],
        [ 0.3814,  0.5372, -0.3308, -0.4474,  0.1130,  0.4851,  0.0904,  0.3814,
          0.5372, -0.3308, -0.4474,  0.1130,  0.4851,  0.0904,  0.3814,  0.5372,
         -0.3308, -0.4474,  0.1130,  0.4851,  0.0904],
        [ 0.1490,  0.4020,  0.4485,  0.0208,  0.0896,  0.3265, -0.7071,  0.1490,
          0.4020,  0.4485,  0.0208,  0.0896,  0.3265, -0.7071,  0.1490,  0.4020,
          0.4485,  0.0208,  0.0896,  0.3265, -0.7071],
        [-0.1151,  0.1308,  0.4057, -0.6159,  0.3730,  0.5352, -0.0064, -0.1151,
          0.1308,  0.4057, -0.6159,  0.3730,  0.5352, -0.0064, -0.1151,  0.1308,
          0.4057, -0.6159,  0.3730,  0.5352, -0.0064],
        [ 0.0086,  0.7547, -0.0720,  0.3010,  0.2393, -0.5250,  0.0414,  0.0086,
          0.7547, -0.0720,  0.3010,  0.2393, -0.5250,  0.0414,  0.0086,  0.7547,
         -0.0720,  0.3010,  0.2393, -0.5250,  0.0414],
        [ 0.1586,  0.1100, -0.0147, -0.2579,  0.7633,  0.1569, -0.5375,  0.1586,
          0.1100, -0.0147, -0.2579,  0.7633,  0.1569, -0.5375,  0.1586,  0.1100,
         -0.0147, -0.2579,  0.7633,  0.1569, -0.5375]]),
    'PassFlattenCallTempVar2': tensor([[ 1.2369,  1.6478, -0.6648, -0.8091,  0.8299,  1.1613, -0.9436,  1.2369,
          1.6478, -0.6648, -0.8091,  0.8299,  1.1613, -0.9436,  1.2369,  1.6478,
         -0.6648, -0.8091,  0.8299,  1.1613, -0.9436],
        [ 1.6478,  6.7212, -0.7717, -0.6287,  3.1988,  0.9807, -2.5908,  1.6478,
          6.7212, -0.7717, -0.6287,  3.1988,  0.9807, -2.5908,  1.6478,  6.7212,
         -0.7717, -0.6287,  3.1988,  0.9807, -2.5908],
        [-0.6648, -0.7717,  4.2691, -0.7592, -0.5751,  0.5617, -0.2604, -0.6648,
         -0.7717,  4.2691, -0.7592, -0.5751,  0.5617, -0.2604, -0.6648, -0.7717,
          4.2691, -0.7592, -0.5751,  0.5617, -0.2604],
        [-0.8091, -0.6287, -0.7592,  4.4294, -2.3264, -4.3697,  0.4725, -0.8091,
         -0.6287, -0.7592,  4.4294, -2.3264, -4.3697,  0.4725, -0.8091, -0.6287,
         -0.7592,  4.4294, -2.3264, -4.3697,  0.4725],
        [ 0.8299,  3.1988, -0.5751, -2.3264,  6.0736,  2.5014, -4.4695,  0.8299,
          3.1988, -0.5751, -2.3264,  6.0736,  2.5014, -4.4695,  0.8299,  3.1988,
         -0.5751, -2.3264,  6.0736,  2.5014, -4.4695],
        [ 1.1613,  0.9807,  0.5617, -4.3697,  2.5014,  6.1180, -2.9139,  1.1613,
          0.9807,  0.5617, -4.3697,  2.5014,  6.1180, -2.9139,  1.1613,  0.9807,
          0.5617, -4.3697,  2.5014,  6.1180, -2.9139],
        [-0.9436, -2.5908, -0.2604,  0.4725, -4.4695, -2.9139,  7.1518, -0.9436,
         -2.5908, -0.2604,  0.4725, -4.4695, -2.9139,  7.1518, -0.9436, -2.5908,
         -0.2604,  0.4725, -4.4695, -2.9139,  7.1518],
        [ 1.2369,  1.6478, -0.6648, -0.8091,  0.8299,  1.1613, -0.9436,  1.2369,
          1.6478, -0.6648, -0.8091,  0.8299,  1.1613, -0.9436,  1.2369,  1.6478,
         -0.6648, -0.8091,  0.8299,  1.1613, -0.9436],
        [ 1.6478,  6.7212, -0.7717, -0.6287,  3.1988,  0.9807, -2.5908,  1.6478,
          6.7212, -0.7717, -0.6287,  3.1988,  0.9807, -2.5908,  1.6478,  6.7212,
         -0.7717, -0.6287,  3.1988,  0.9807, -2.5908],
        [-0.6648, -0.7717,  4.2691, -0.7592, -0.5751,  0.5617, -0.2604, -0.6648,
         -0.7717,  4.2691, -0.7592, -0.5751,  0.5617, -0.2604, -0.6648, -0.7717,
          4.2691, -0.7592, -0.5751,  0.5617, -0.2604],
        [-0.8091, -0.6287, -0.7592,  4.4294, -2.3264, -4.3697,  0.4725, -0.8091,
         -0.6287, -0.7592,  4.4294, -2.3264, -4.3697,  0.4725, -0.8091, -0.6287,
         -0.7592,  4.4294, -2.3264, -4.3697,  0.4725],
        [ 0.8299,  3.1988, -0.5751, -2.3264,  6.0736,  2.5014, -4.4695,  0.8299,
          3.1988, -0.5751, -2.3264,  6.0736,  2.5014, -4.4695,  0.8299,  3.1988,
         -0.5751, -2.3264,  6.0736,  2.5014, -4.4695],
        [ 1.1613,  0.9807,  0.5617, -4.3697,  2.5014,  6.1180, -2.9139,  1.1613,
          0.9807,  0.5617, -4.3697,  2.5014,  6.1180, -2.9139,  1.1613,  0.9807,
          0.5617, -4.3697,  2.5014,  6.1180, -2.9139],
        [-0.9436, -2.5908, -0.2604,  0.4725, -4.4695, -2.9139,  7.1518, -0.9436,
         -2.5908, -0.2604,  0.4725, -4.4695, -2.9139,  7.1518, -0.9436, -2.5908,
         -0.2604,  0.4725, -4.4695, -2.9139,  7.1518],
        [ 1.2369,  1.6478, -0.6648, -0.8091,  0.8299,  1.1613, -0.9436,  1.2369,
          1.6478, -0.6648, -0.8091,  0.8299,  1.1613, -0.9436,  1.2369,  1.6478,
         -0.6648, -0.8091,  0.8299,  1.1613, -0.9436],
        [ 1.6478,  6.7212, -0.7717, -0.6287,  3.1988,  0.9807, -2.5908,  1.6478,
          6.7212, -0.7717, -0.6287,  3.1988,  0.9807, -2.5908,  1.6478,  6.7212,
         -0.7717, -0.6287,  3.1988,  0.9807, -2.5908],
        [-0.6648, -0.7717,  4.2691, -0.7592, -0.5751,  0.5617, -0.2604, -0.6648,
         -0.7717,  4.2691, -0.7592, -0.5751,  0.5617, -0.2604, -0.6648, -0.7717,
          4.2691, -0.7592, -0.5751,  0.5617, -0.2604],
        [-0.8091, -0.6287, -0.7592,  4.4294, -2.3264, -4.3697,  0.4725, -0.8091,
         -0.6287, -0.7592,  4.4294, -2.3264, -4.3697,  0.4725, -0.8091, -0.6287,
         -0.7592,  4.4294, -2.3264, -4.3697,  0.4725],
        [ 0.8299,  3.1988, -0.5751, -2.3264,  6.0736,  2.5014, -4.4695,  0.8299,
          3.1988, -0.5751, -2.3264,  6.0736,  2.5014, -4.4695,  0.8299,  3.1988,
         -0.5751, -2.3264,  6.0736,  2.5014, -4.4695],
        [ 1.1613,  0.9807,  0.5617, -4.3697,  2.5014,  6.1180, -2.9139,  1.1613,
          0.9807,  0.5617, -4.3697,  2.5014,  6.1180, -2.9139,  1.1613,  0.9807,
          0.5617, -4.3697,  2.5014,  6.1180, -2.9139],
        [-0.9436, -2.5908, -0.2604,  0.4725, -4.4695, -2.9139,  7.1518, -0.9436,
         -2.5908, -0.2604,  0.4725, -4.4695, -2.9139,  7.1518, -0.9436, -2.5908,
         -0.2604,  0.4725, -4.4695, -2.9139,  7.1518]]),
    'PassLogTorchIntermediateTempVar1_input_data': tensor([[-0.0070,  0.5044,  0.6704, -0.3829,  0.0302,  0.3826],
        [-0.5131,  0.7104,  1.8092,  0.4352,  2.6453,  0.2654],
        [ 0.9235, -0.4376,  2.0182,  1.3498, -0.2523, -0.0355],
        [-0.0646, -0.5918,  0.0938, -2.0492,  1.0550, -0.6222],
        [-0.8859,  0.1494,  0.4033,  1.2409,  0.8388,  1.8417],
        [-0.5796,  0.6416,  1.4694,  1.7807, -1.8402,  0.3787],
        [ 1.2050,  0.1196, -3.1823, -0.0214,  0.1452, -1.2969]]),
    'PassLogTorchIntermediateTempVar2_input_data': tensor([[-0.0037,  0.3814,  0.1490, -0.1151,  0.0086,  0.1586],
        [-0.2670,  0.5372,  0.4020,  0.1308,  0.7547,  0.1100],
        [ 0.4805, -0.3308,  0.4485,  0.4057, -0.0720, -0.0147],
        [-0.0336, -0.4474,  0.0208, -0.6159,  0.3010, -0.2579],
        [-0.4610,  0.1130,  0.0896,  0.3730,  0.2393,  0.7633],
        [-0.3016,  0.4851,  0.3265,  0.5352, -0.5250,  0.1569],
        [ 0.6270,  0.0904, -0.7071, -0.0064,  0.0414, -0.5375]]),
    'PassLogTorchIntermediateTempVar3_input_data': tensor([[-0.0037,  0.3814,  0.1490, -0.1151,  0.0086,  0.1586, -0.0037,  0.3814,
          0.1490, -0.1151,  0.0086,  0.1586, -0.0037,  0.3814,  0.1490, -0.1151,
          0.0086,  0.1586, -0.0037,  0.3814,  0.1490, -0.1151,  0.0086,  0.1586,
         -0.0037,  0.3814,  0.1490, -0.1151,  0.0086,  0.1586, -0.0037,  0.3814,
          0.1490, -0.1151,  0.0086,  0.1586],
        [-0.2670,  0.5372,  0.4020,  0.1308,  0.7547,  0.1100, -0.2670,  0.5372,
          0.4020,  0.1308,  0.7547,  0.1100, -0.2670,  0.5372,  0.4020,  0.1308,
          0.7547,  0.1100, -0.2670,  0.5372,  0.4020,  0.1308,  0.7547,  0.1100,
         -0.2670,  0.5372,  0.4020,  0.1308,  0.7547,  0.1100, -0.2670,  0.5372,
          0.4020,  0.1308,  0.7547,  0.1100],
        [ 0.4805, -0.3308,  0.4485,  0.4057, -0.0720, -0.0147,  0.4805, -0.3308,
          0.4485,  0.4057, -0.0720, -0.0147,  0.4805, -0.3308,  0.4485,  0.4057,
         -0.0720, -0.0147,  0.4805, -0.3308,  0.4485,  0.4057, -0.0720, -0.0147,
          0.4805, -0.3308,  0.4485,  0.4057, -0.0720, -0.0147,  0.4805, -0.3308,
          0.4485,  0.4057, -0.0720, -0.0147],
        [-0.0336, -0.4474,  0.0208, -0.6159,  0.3010, -0.2579, -0.0336, -0.4474,
          0.0208, -0.6159,  0.3010, -0.2579, -0.0336, -0.4474,  0.0208, -0.6159,
          0.3010, -0.2579, -0.0336, -0.4474,  0.0208, -0.6159,  0.3010, -0.2579,
         -0.0336, -0.4474,  0.0208, -0.6159,  0.3010, -0.2579, -0.0336, -0.4474,
          0.0208, -0.6159,  0.3010, -0.2579],
        [-0.4610,  0.1130,  0.0896,  0.3730,  0.2393,  0.7633, -0.4610,  0.1130,
          0.0896,  0.3730,  0.2393,  0.7633, -0.4610,  0.1130,  0.0896,  0.3730,
          0.2393,  0.7633, -0.4610,  0.1130,  0.0896,  0.3730,  0.2393,  0.7633,
         -0.4610,  0.1130,  0.0896,  0.3730,  0.2393,  0.7633, -0.4610,  0.1130,
          0.0896,  0.3730,  0.2393,  0.7633],
        [-0.3016,  0.4851,  0.3265,  0.5352, -0.5250,  0.1569, -0.3016,  0.4851,
          0.3265,  0.5352, -0.5250,  0.1569, -0.3016,  0.4851,  0.3265,  0.5352,
         -0.5250,  0.1569, -0.3016,  0.4851,  0.3265,  0.5352, -0.5250,  0.1569,
         -0.3016,  0.4851,  0.3265,  0.5352, -0.5250,  0.1569, -0.3016,  0.4851,
          0.3265,  0.5352, -0.5250,  0.1569],
        [ 0.6270,  0.0904, -0.7071, -0.0064,  0.0414, -0.5375,  0.6270,  0.0904,
         -0.7071, -0.0064,  0.0414, -0.5375,  0.6270,  0.0904, -0.7071, -0.0064,
          0.0414, -0.5375,  0.6270,  0.0904, -0.7071, -0.0064,  0.0414, -0.5375,
          0.6270,  0.0904, -0.7071, -0.0064,  0.0414, -0.5375,  0.6270,  0.0904,
         -0.7071, -0.0064,  0.0414, -0.5375],
        [-0.0037,  0.3814,  0.1490, -0.1151,  0.0086,  0.1586, -0.0037,  0.3814,
          0.1490, -0.1151,  0.0086,  0.1586, -0.0037,  0.3814,  0.1490, -0.1151,
          0.0086,  0.1586, -0.0037,  0.3814,  0.1490, -0.1151,  0.0086,  0.1586,
         -0.0037,  0.3814,  0.1490, -0.1151,  0.0086,  0.1586, -0.0037,  0.3814,
          0.1490, -0.1151,  0.0086,  0.1586],
        [-0.2670,  0.5372,  0.4020,  0.1308,  0.7547,  0.1100, -0.2670,  0.5372,
          0.4020,  0.1308,  0.7547,  0.1100, -0.2670,  0.5372,  0.4020,  0.1308,
          0.7547,  0.1100, -0.2670,  0.5372,  0.4020,  0.1308,  0.7547,  0.1100,
         -0.2670,  0.5372,  0.4020,  0.1308,  0.7547,  0.1100, -0.2670,  0.5372,
          0.4020,  0.1308,  0.7547,  0.1100],
        [ 0.4805, -0.3308,  0.4485,  0.4057, -0.0720, -0.0147,  0.4805, -0.3308,
          0.4485,  0.4057, -0.0720, -0.0147,  0.4805, -0.3308,  0.4485,  0.4057,
         -0.0720, -0.0147,  0.4805, -0.3308,  0.4485,  0.4057, -0.0720, -0.0147,
          0.4805, -0.3308,  0.4485,  0.4057, -0.0720, -0.0147,  0.4805, -0.3308,
          0.4485,  0.4057, -0.0720, -0.0147],
        [-0.0336, -0.4474,  0.0208, -0.6159,  0.3010, -0.2579, -0.0336, -0.4474,
          0.0208, -0.6159,  0.3010, -0.2579, -0.0336, -0.4474,  0.0208, -0.6159,
          0.3010, -0.2579, -0.0336, -0.4474,  0.0208, -0.6159,  0.3010, -0.2579,
         -0.0336, -0.4474,  0.0208, -0.6159,  0.3010, -0.2579, -0.0336, -0.4474,
          0.0208, -0.6159,  0.3010, -0.2579],
        [-0.4610,  0.1130,  0.0896,  0.3730,  0.2393,  0.7633, -0.4610,  0.1130,
          0.0896,  0.3730,  0.2393,  0.7633, -0.4610,  0.1130,  0.0896,  0.3730,
          0.2393,  0.7633, -0.4610,  0.1130,  0.0896,  0.3730,  0.2393,  0.7633,
         -0.4610,  0.1130,  0.0896,  0.3730,  0.2393,  0.7633, -0.4610,  0.1130,
          0.0896,  0.3730,  0.2393,  0.7633],
        [-0.3016,  0.4851,  0.3265,  0.5352, -0.5250,  0.1569, -0.3016,  0.4851,
          0.3265,  0.5352, -0.5250,  0.1569, -0.3016,  0.4851,  0.3265,  0.5352,
         -0.5250,  0.1569, -0.3016,  0.4851,  0.3265,  0.5352, -0.5250,  0.1569,
         -0.3016,  0.4851,  0.3265,  0.5352, -0.5250,  0.1569, -0.3016,  0.4851,
          0.3265,  0.5352, -0.5250,  0.1569],
        [ 0.6270,  0.0904, -0.7071, -0.0064,  0.0414, -0.5375,  0.6270,  0.0904,
         -0.7071, -0.0064,  0.0414, -0.5375,  0.6270,  0.0904, -0.7071, -0.0064,
          0.0414, -0.5375,  0.6270,  0.0904, -0.7071, -0.0064,  0.0414, -0.5375,
          0.6270,  0.0904, -0.7071, -0.0064,  0.0414, -0.5375,  0.6270,  0.0904,
         -0.7071, -0.0064,  0.0414, -0.5375],
        [-0.0037,  0.3814,  0.1490, -0.1151,  0.0086,  0.1586, -0.0037,  0.3814,
          0.1490, -0.1151,  0.0086,  0.1586, -0.0037,  0.3814,  0.1490, -0.1151,
          0.0086,  0.1586, -0.0037,  0.3814,  0.1490, -0.1151,  0.0086,  0.1586,
         -0.0037,  0.3814,  0.1490, -0.1151,  0.0086,  0.1586, -0.0037,  0.3814,
          0.1490, -0.1151,  0.0086,  0.1586],
        [-0.2670,  0.5372,  0.4020,  0.1308,  0.7547,  0.1100, -0.2670,  0.5372,
          0.4020,  0.1308,  0.7547,  0.1100, -0.2670,  0.5372,  0.4020,  0.1308,
          0.7547,  0.1100, -0.2670,  0.5372,  0.4020,  0.1308,  0.7547,  0.1100,
         -0.2670,  0.5372,  0.4020,  0.1308,  0.7547,  0.1100, -0.2670,  0.5372,
          0.4020,  0.1308,  0.7547,  0.1100],
        [ 0.4805, -0.3308,  0.4485,  0.4057, -0.0720, -0.0147,  0.4805, -0.3308,
          0.4485,  0.4057, -0.0720, -0.0147,  0.4805, -0.3308,  0.4485,  0.4057,
         -0.0720, -0.0147,  0.4805, -0.3308,  0.4485,  0.4057, -0.0720, -0.0147,
          0.4805, -0.3308,  0.4485,  0.4057, -0.0720, -0.0147,  0.4805, -0.3308,
          0.4485,  0.4057, -0.0720, -0.0147],
        [-0.0336, -0.4474,  0.0208, -0.6159,  0.3010, -0.2579, -0.0336, -0.4474,
          0.0208, -0.6159,  0.3010, -0.2579, -0.0336, -0.4474,  0.0208, -0.6159,
          0.3010, -0.2579, -0.0336, -0.4474,  0.0208, -0.6159,  0.3010, -0.2579,
         -0.0336, -0.4474,  0.0208, -0.6159,  0.3010, -0.2579, -0.0336, -0.4474,
          0.0208, -0.6159,  0.3010, -0.2579],
        [-0.4610,  0.1130,  0.0896,  0.3730,  0.2393,  0.7633, -0.4610,  0.1130,
          0.0896,  0.3730,  0.2393,  0.7633, -0.4610,  0.1130,  0.0896,  0.3730,
          0.2393,  0.7633, -0.4610,  0.1130,  0.0896,  0.3730,  0.2393,  0.7633,
         -0.4610,  0.1130,  0.0896,  0.3730,  0.2393,  0.7633, -0.4610,  0.1130,
          0.0896,  0.3730,  0.2393,  0.7633],
        [-0.3016,  0.4851,  0.3265,  0.5352, -0.5250,  0.1569, -0.3016,  0.4851,
          0.3265,  0.5352, -0.5250,  0.1569, -0.3016,  0.4851,  0.3265,  0.5352,
         -0.5250,  0.1569, -0.3016,  0.4851,  0.3265,  0.5352, -0.5250,  0.1569,
         -0.3016,  0.4851,  0.3265,  0.5352, -0.5250,  0.1569, -0.3016,  0.4851,
          0.3265,  0.5352, -0.5250,  0.1569],
        [ 0.6270,  0.0904, -0.7071, -0.0064,  0.0414, -0.5375,  0.6270,  0.0904,
         -0.7071, -0.0064,  0.0414, -0.5375,  0.6270,  0.0904, -0.7071, -0.0064,
          0.0414, -0.5375,  0.6270,  0.0904, -0.7071, -0.0064,  0.0414, -0.5375,
          0.6270,  0.0904, -0.7071, -0.0064,  0.0414, -0.5375,  0.6270,  0.0904,
         -0.7071, -0.0064,  0.0414, -0.5375]]),
    'PassLogTorchIntermediateTempVar4_PassFlattenCallTempVar1': tensor([[-0.0037, -0.2670,  0.4805, -0.0336, -0.4610, -0.3016,  0.6270, -0.0037,
         -0.2670,  0.4805, -0.0336, -0.4610, -0.3016,  0.6270, -0.0037, -0.2670,
          0.4805, -0.0336, -0.4610, -0.3016,  0.6270],
        [ 0.3814,  0.5372, -0.3308, -0.4474,  0.1130,  0.4851,  0.0904,  0.3814,
          0.5372, -0.3308, -0.4474,  0.1130,  0.4851,  0.0904,  0.3814,  0.5372,
         -0.3308, -0.4474,  0.1130,  0.4851,  0.0904],
        [ 0.1490,  0.4020,  0.4485,  0.0208,  0.0896,  0.3265, -0.7071,  0.1490,
          0.4020,  0.4485,  0.0208,  0.0896,  0.3265, -0.7071,  0.1490,  0.4020,
          0.4485,  0.0208,  0.0896,  0.3265, -0.7071],
        [-0.1151,  0.1308,  0.4057, -0.6159,  0.3730,  0.5352, -0.0064, -0.1151,
          0.1308,  0.4057, -0.6159,  0.3730,  0.5352, -0.0064, -0.1151,  0.1308,
          0.4057, -0.6159,  0.3730,  0.5352, -0.0064],
        [ 0.0086,  0.7547, -0.0720,  0.3010,  0.2393, -0.5250,  0.0414,  0.0086,
          0.7547, -0.0720,  0.3010,  0.2393, -0.5250,  0.0414,  0.0086,  0.7547,
         -0.0720,  0.3010,  0.2393, -0.5250,  0.0414],
        [ 0.1586,  0.1100, -0.0147, -0.2579,  0.7633,  0.1569, -0.5375,  0.1586,
          0.1100, -0.0147, -0.2579,  0.7633,  0.1569, -0.5375,  0.1586,  0.1100,
         -0.0147, -0.2579,  0.7633,  0.1569, -0.5375],
        [-0.0037, -0.2670,  0.4805, -0.0336, -0.4610, -0.3016,  0.6270, -0.0037,
         -0.2670,  0.4805, -0.0336, -0.4610, -0.3016,  0.6270, -0.0037, -0.2670,
          0.4805, -0.0336, -0.4610, -0.3016,  0.6270],
        [ 0.3814,  0.5372, -0.3308, -0.4474,  0.1130,  0.4851,  0.0904,  0.3814,
          0.5372, -0.3308, -0.4474,  0.1130,  0.4851,  0.0904,  0.3814,  0.5372,
         -0.3308, -0.4474,  0.1130,  0.4851,  0.0904],
        [ 0.1490,  0.4020,  0.4485,  0.0208,  0.0896,  0.3265, -0.7071,  0.1490,
          0.4020,  0.4485,  0.0208,  0.0896,  0.3265, -0.7071,  0.1490,  0.4020,
          0.4485,  0.0208,  0.0896,  0.3265, -0.7071],
        [-0.1151,  0.1308,  0.4057, -0.6159,  0.3730,  0.5352, -0.0064, -0.1151,
          0.1308,  0.4057, -0.6159,  0.3730,  0.5352, -0.0064, -0.1151,  0.1308,
          0.4057, -0.6159,  0.3730,  0.5352, -0.0064],
        [ 0.0086,  0.7547, -0.0720,  0.3010,  0.2393, -0.5250,  0.0414,  0.0086,
          0.7547, -0.0720,  0.3010,  0.2393, -0.5250,  0.0414,  0.0086,  0.7547,
         -0.0720,  0.3010,  0.2393, -0.5250,  0.0414],
        [ 0.1586,  0.1100, -0.0147, -0.2579,  0.7633,  0.1569, -0.5375,  0.1586,
          0.1100, -0.0147, -0.2579,  0.7633,  0.1569, -0.5375,  0.1586,  0.1100,
         -0.0147, -0.2579,  0.7633,  0.1569, -0.5375],
        [-0.0037, -0.2670,  0.4805, -0.0336, -0.4610, -0.3016,  0.6270, -0.0037,
         -0.2670,  0.4805, -0.0336, -0.4610, -0.3016,  0.6270, -0.0037, -0.2670,
          0.4805, -0.0336, -0.4610, -0.3016,  0.6270],
        [ 0.3814,  0.5372, -0.3308, -0.4474,  0.1130,  0.4851,  0.0904,  0.3814,
          0.5372, -0.3308, -0.4474,  0.1130,  0.4851,  0.0904,  0.3814,  0.5372,
         -0.3308, -0.4474,  0.1130,  0.4851,  0.0904],
        [ 0.1490,  0.4020,  0.4485,  0.0208,  0.0896,  0.3265, -0.7071,  0.1490,
          0.4020,  0.4485,  0.0208,  0.0896,  0.3265, -0.7071,  0.1490,  0.4020,
          0.4485,  0.0208,  0.0896,  0.3265, -0.7071],
        [-0.1151,  0.1308,  0.4057, -0.6159,  0.3730,  0.5352, -0.0064, -0.1151,
          0.1308,  0.4057, -0.6159,  0.3730,  0.5352, -0.0064, -0.1151,  0.1308,
          0.4057, -0.6159,  0.3730,  0.5352, -0.0064],
        [ 0.0086,  0.7547, -0.0720,  0.3010,  0.2393, -0.5250,  0.0414,  0.0086,
          0.7547, -0.0720,  0.3010,  0.2393, -0.5250,  0.0414,  0.0086,  0.7547,
         -0.0720,  0.3010,  0.2393, -0.5250,  0.0414],
        [ 0.1586,  0.1100, -0.0147, -0.2579,  0.7633,  0.1569, -0.5375,  0.1586,
          0.1100, -0.0147, -0.2579,  0.7633,  0.1569, -0.5375,  0.1586,  0.1100,
         -0.0147, -0.2579,  0.7633,  0.1569, -0.5375],
        [-0.0037, -0.2670,  0.4805, -0.0336, -0.4610, -0.3016,  0.6270, -0.0037,
         -0.2670,  0.4805, -0.0336, -0.4610, -0.3016,  0.6270, -0.0037, -0.2670,
          0.4805, -0.0336, -0.4610, -0.3016,  0.6270],
        [ 0.3814,  0.5372, -0.3308, -0.4474,  0.1130,  0.4851,  0.0904,  0.3814,
          0.5372, -0.3308, -0.4474,  0.1130,  0.4851,  0.0904,  0.3814,  0.5372,
         -0.3308, -0.4474,  0.1130,  0.4851,  0.0904],
        [ 0.1490,  0.4020,  0.4485,  0.0208,  0.0896,  0.3265, -0.7071,  0.1490,
          0.4020,  0.4485,  0.0208,  0.0896,  0.3265, -0.7071,  0.1490,  0.4020,
          0.4485,  0.0208,  0.0896,  0.3265, -0.7071],
        [-0.1151,  0.1308,  0.4057, -0.6159,  0.3730,  0.5352, -0.0064, -0.1151,
          0.1308,  0.4057, -0.6159,  0.3730,  0.5352, -0.0064, -0.1151,  0.1308,
          0.4057, -0.6159,  0.3730,  0.5352, -0.0064],
        [ 0.0086,  0.7547, -0.0720,  0.3010,  0.2393, -0.5250,  0.0414,  0.0086,
          0.7547, -0.0720,  0.3010,  0.2393, -0.5250,  0.0414,  0.0086,  0.7547,
         -0.0720,  0.3010,  0.2393, -0.5250,  0.0414],
        [ 0.1586,  0.1100, -0.0147, -0.2579,  0.7633,  0.1569, -0.5375,  0.1586,
          0.1100, -0.0147, -0.2579,  0.7633,  0.1569, -0.5375,  0.1586,  0.1100,
         -0.0147, -0.2579,  0.7633,  0.1569, -0.5375],
        [-0.0037, -0.2670,  0.4805, -0.0336, -0.4610, -0.3016,  0.6270, -0.0037,
         -0.2670,  0.4805, -0.0336, -0.4610, -0.3016,  0.6270, -0.0037, -0.2670,
          0.4805, -0.0336, -0.4610, -0.3016,  0.6270],
        [ 0.3814,  0.5372, -0.3308, -0.4474,  0.1130,  0.4851,  0.0904,  0.3814,
          0.5372, -0.3308, -0.4474,  0.1130,  0.4851,  0.0904,  0.3814,  0.5372,
         -0.3308, -0.4474,  0.1130,  0.4851,  0.0904],
        [ 0.1490,  0.4020,  0.4485,  0.0208,  0.0896,  0.3265, -0.7071,  0.1490,
          0.4020,  0.4485,  0.0208,  0.0896,  0.3265, -0.7071,  0.1490,  0.4020,
          0.4485,  0.0208,  0.0896,  0.3265, -0.7071],
        [-0.1151,  0.1308,  0.4057, -0.6159,  0.3730,  0.5352, -0.0064, -0.1151,
          0.1308,  0.4057, -0.6159,  0.3730,  0.5352, -0.0064, -0.1151,  0.1308,
          0.4057, -0.6159,  0.3730,  0.5352, -0.0064],
        [ 0.0086,  0.7547, -0.0720,  0.3010,  0.2393, -0.5250,  0.0414,  0.0086,
          0.7547, -0.0720,  0.3010,  0.2393, -0.5250,  0.0414,  0.0086,  0.7547,
         -0.0720,  0.3010,  0.2393, -0.5250,  0.0414],
        [ 0.1586,  0.1100, -0.0147, -0.2579,  0.7633,  0.1569, -0.5375,  0.1586,
          0.1100, -0.0147, -0.2579,  0.7633,  0.1569, -0.5375,  0.1586,  0.1100,
         -0.0147, -0.2579,  0.7633,  0.1569, -0.5375],
        [-0.0037, -0.2670,  0.4805, -0.0336, -0.4610, -0.3016,  0.6270, -0.0037,
         -0.2670,  0.4805, -0.0336, -0.4610, -0.3016,  0.6270, -0.0037, -0.2670,
          0.4805, -0.0336, -0.4610, -0.3016,  0.6270],
        [ 0.3814,  0.5372, -0.3308, -0.4474,  0.1130,  0.4851,  0.0904,  0.3814,
          0.5372, -0.3308, -0.4474,  0.1130,  0.4851,  0.0904,  0.3814,  0.5372,
         -0.3308, -0.4474,  0.1130,  0.4851,  0.0904],
        [ 0.1490,  0.4020,  0.4485,  0.0208,  0.0896,  0.3265, -0.7071,  0.1490,
          0.4020,  0.4485,  0.0208,  0.0896,  0.3265, -0.7071,  0.1490,  0.4020,
          0.4485,  0.0208,  0.0896,  0.3265, -0.7071],
        [-0.1151,  0.1308,  0.4057, -0.6159,  0.3730,  0.5352, -0.0064, -0.1151,
          0.1308,  0.4057, -0.6159,  0.3730,  0.5352, -0.0064, -0.1151,  0.1308,
          0.4057, -0.6159,  0.3730,  0.5352, -0.0064],
        [ 0.0086,  0.7547, -0.0720,  0.3010,  0.2393, -0.5250,  0.0414,  0.0086,
          0.7547, -0.0720,  0.3010,  0.2393, -0.5250,  0.0414,  0.0086,  0.7547,
         -0.0720,  0.3010,  0.2393, -0.5250,  0.0414],
        [ 0.1586,  0.1100, -0.0147, -0.2579,  0.7633,  0.1569, -0.5375,  0.1586,
          0.1100, -0.0147, -0.2579,  0.7633,  0.1569, -0.5375,  0.1586,  0.1100,
         -0.0147, -0.2579,  0.7633,  0.1569, -0.5375]]),
    'PassLogTorchIntermediateTempVar5_PassFlattenCallTempVar2': tensor([[ 1.2369,  1.6478, -0.6648, -0.8091,  0.8299,  1.1613, -0.9436,  1.2369,
          1.6478, -0.6648, -0.8091,  0.8299,  1.1613, -0.9436,  1.2369,  1.6478,
         -0.6648, -0.8091,  0.8299,  1.1613, -0.9436],
        [ 1.6478,  6.7212, -0.7717, -0.6287,  3.1988,  0.9807, -2.5908,  1.6478,
          6.7212, -0.7717, -0.6287,  3.1988,  0.9807, -2.5908,  1.6478,  6.7212,
         -0.7717, -0.6287,  3.1988,  0.9807, -2.5908],
        [-0.6648, -0.7717,  4.2691, -0.7592, -0.5751,  0.5617, -0.2604, -0.6648,
         -0.7717,  4.2691, -0.7592, -0.5751,  0.5617, -0.2604, -0.6648, -0.7717,
          4.2691, -0.7592, -0.5751,  0.5617, -0.2604],
        [-0.8091, -0.6287, -0.7592,  4.4294, -2.3264, -4.3697,  0.4725, -0.8091,
         -0.6287, -0.7592,  4.4294, -2.3264, -4.3697,  0.4725, -0.8091, -0.6287,
         -0.7592,  4.4294, -2.3264, -4.3697,  0.4725],
        [ 0.8299,  3.1988, -0.5751, -2.3264,  6.0736,  2.5014, -4.4695,  0.8299,
          3.1988, -0.5751, -2.3264,  6.0736,  2.5014, -4.4695,  0.8299,  3.1988,
         -0.5751, -2.3264,  6.0736,  2.5014, -4.4695],
        [ 1.1613,  0.9807,  0.5617, -4.3697,  2.5014,  6.1180, -2.9139,  1.1613,
          0.9807,  0.5617, -4.3697,  2.5014,  6.1180, -2.9139,  1.1613,  0.9807,
          0.5617, -4.3697,  2.5014,  6.1180, -2.9139],
        [-0.9436, -2.5908, -0.2604,  0.4725, -4.4695, -2.9139,  7.1518, -0.9436,
         -2.5908, -0.2604,  0.4725, -4.4695, -2.9139,  7.1518, -0.9436, -2.5908,
         -0.2604,  0.4725, -4.4695, -2.9139,  7.1518],
        [ 1.2369,  1.6478, -0.6648, -0.8091,  0.8299,  1.1613, -0.9436,  1.2369,
          1.6478, -0.6648, -0.8091,  0.8299,  1.1613, -0.9436,  1.2369,  1.6478,
         -0.6648, -0.8091,  0.8299,  1.1613, -0.9436],
        [ 1.6478,  6.7212, -0.7717, -0.6287,  3.1988,  0.9807, -2.5908,  1.6478,
          6.7212, -0.7717, -0.6287,  3.1988,  0.9807, -2.5908,  1.6478,  6.7212,
         -0.7717, -0.6287,  3.1988,  0.9807, -2.5908],
        [-0.6648, -0.7717,  4.2691, -0.7592, -0.5751,  0.5617, -0.2604, -0.6648,
         -0.7717,  4.2691, -0.7592, -0.5751,  0.5617, -0.2604, -0.6648, -0.7717,
          4.2691, -0.7592, -0.5751,  0.5617, -0.2604],
        [-0.8091, -0.6287, -0.7592,  4.4294, -2.3264, -4.3697,  0.4725, -0.8091,
         -0.6287, -0.7592,  4.4294, -2.3264, -4.3697,  0.4725, -0.8091, -0.6287,
         -0.7592,  4.4294, -2.3264, -4.3697,  0.4725],
        [ 0.8299,  3.1988, -0.5751, -2.3264,  6.0736,  2.5014, -4.4695,  0.8299,
          3.1988, -0.5751, -2.3264,  6.0736,  2.5014, -4.4695,  0.8299,  3.1988,
         -0.5751, -2.3264,  6.0736,  2.5014, -4.4695],
        [ 1.1613,  0.9807,  0.5617, -4.3697,  2.5014,  6.1180, -2.9139,  1.1613,
          0.9807,  0.5617, -4.3697,  2.5014,  6.1180, -2.9139,  1.1613,  0.9807,
          0.5617, -4.3697,  2.5014,  6.1180, -2.9139],
        [-0.9436, -2.5908, -0.2604,  0.4725, -4.4695, -2.9139,  7.1518, -0.9436,
         -2.5908, -0.2604,  0.4725, -4.4695, -2.9139,  7.1518, -0.9436, -2.5908,
         -0.2604,  0.4725, -4.4695, -2.9139,  7.1518],
        [ 1.2369,  1.6478, -0.6648, -0.8091,  0.8299,  1.1613, -0.9436,  1.2369,
          1.6478, -0.6648, -0.8091,  0.8299,  1.1613, -0.9436,  1.2369,  1.6478,
         -0.6648, -0.8091,  0.8299,  1.1613, -0.9436],
        [ 1.6478,  6.7212, -0.7717, -0.6287,  3.1988,  0.9807, -2.5908,  1.6478,
          6.7212, -0.7717, -0.6287,  3.1988,  0.9807, -2.5908,  1.6478,  6.7212,
         -0.7717, -0.6287,  3.1988,  0.9807, -2.5908],
        [-0.6648, -0.7717,  4.2691, -0.7592, -0.5751,  0.5617, -0.2604, -0.6648,
         -0.7717,  4.2691, -0.7592, -0.5751,  0.5617, -0.2604, -0.6648, -0.7717,
          4.2691, -0.7592, -0.5751,  0.5617, -0.2604],
        [-0.8091, -0.6287, -0.7592,  4.4294, -2.3264, -4.3697,  0.4725, -0.8091,
         -0.6287, -0.7592,  4.4294, -2.3264, -4.3697,  0.4725, -0.8091, -0.6287,
         -0.7592,  4.4294, -2.3264, -4.3697,  0.4725],
        [ 0.8299,  3.1988, -0.5751, -2.3264,  6.0736,  2.5014, -4.4695,  0.8299,
          3.1988, -0.5751, -2.3264,  6.0736,  2.5014, -4.4695,  0.8299,  3.1988,
         -0.5751, -2.3264,  6.0736,  2.5014, -4.4695],
        [ 1.1613,  0.9807,  0.5617, -4.3697,  2.5014,  6.1180, -2.9139,  1.1613,
          0.9807,  0.5617, -4.3697,  2.5014,  6.1180, -2.9139,  1.1613,  0.9807,
          0.5617, -4.3697,  2.5014,  6.1180, -2.9139],
        [-0.9436, -2.5908, -0.2604,  0.4725, -4.4695, -2.9139,  7.1518, -0.9436,
         -2.5908, -0.2604,  0.4725, -4.4695, -2.9139,  7.1518, -0.9436, -2.5908,
         -0.2604,  0.4725, -4.4695, -2.9139,  7.1518]]),
    'PassLogTorchIntermediateTempVar7_result': tensor([[-2.4833e-01,  1.9836e-01,  1.2199e-02, -3.1268e-01,  2.9522e-02,
          3.4302e-01, -6.1902e-01,  2.7148e-01,  4.9245e-02,  4.1076e-01,
          1.9323e-01,  6.8782e-02, -5.8732e-02,  1.1491e-02, -1.6489e-03,
          7.4746e-02, -5.7073e-02, -2.7902e-08, -2.3252e-09,  2.7902e-08,
          3.7203e-08],
        [-3.3084e-01, -3.7722e-01, -3.0550e-03, -4.1166e-02,  2.7157e-01,
         -6.7759e-02, -7.3054e-02,  3.1873e-02, -5.5113e-01,  5.6505e-03,
          1.3021e-01, -9.5103e-02,  5.2969e-01, -2.7522e-02,  3.9492e-03,
         -1.7902e-01,  1.3669e-01,  1.4707e-07,  3.5337e-08,  7.3948e-09,
         -4.8730e-08],
        [ 1.3347e-01, -1.2277e-01, -5.2871e-01, -6.3092e-02,  1.3046e-02,
          9.5793e-02,  4.1423e-01, -6.2745e-02, -4.7556e-02,  7.0450e-01,
         -1.1480e-02, -2.8363e-03, -1.5421e-03, -3.7107e-04,  5.3235e-05,
         -2.4134e-03,  1.8428e-03,  7.5816e-08,  1.5601e-08, -1.3908e-10,
          2.5991e-08],
        [ 1.6244e-01, -1.9341e-01,  1.5097e-01, -2.6553e-01, -9.1692e-02,
         -1.5007e-01,  6.5209e-02, -3.3020e-01,  4.3460e-02, -3.9019e-03,
          8.2085e-01,  5.7539e-02, -1.0635e-01,  1.1097e-02, -1.5924e-03,
          7.2183e-02, -5.5116e-02, -1.4002e-08,  2.2918e-08,  3.5456e-08,
          7.3451e-08],
        [-1.6661e-01, -1.6360e-01,  2.3520e-02,  3.1676e-01, -2.9906e-01,
          2.1044e-01, -3.9937e-02, -1.8453e-01,  1.1416e-01,  4.3622e-02,
          7.9621e-03,  7.7505e-01,  1.7096e-01, -2.1107e-02,  3.0288e-03,
         -1.3730e-01,  1.0483e-01,  9.5184e-08,  5.0069e-08, -2.7204e-08,
          3.4334e-08],
        [-2.3315e-01,  2.6651e-01, -1.4629e-01,  1.1702e-01,  6.2287e-02,
         -3.1387e-01, -3.9513e-02, -2.3264e-01, -3.1941e-02,  3.7316e-02,
         -1.8428e-02,  1.1980e-01,  3.0513e-01,  9.1653e-02, -1.3152e-02,
          5.9619e-01, -4.5522e-01, -4.0160e-07, -1.3235e-07,  5.9098e-08,
          8.7674e-08],
        [ 1.8945e-01,  3.7693e-02,  9.4332e-02,  2.1295e-01,  3.9600e-01,
          1.9128e-01, -7.9034e-02, -1.9422e-01,  1.0604e-01,  6.4149e-02,
          3.7898e-02, -2.9160e-02,  7.5231e-02,  7.9760e-01,  1.8881e-03,
         -8.5588e-02,  6.5352e-02, -1.2019e-08, -5.3542e-08,  1.0426e-07,
         -1.2592e-07],
        [-2.4833e-01,  1.9836e-01,  1.2199e-02, -3.1268e-01,  2.9522e-02,
          3.4302e-01,  2.4161e-01, -3.0260e-01, -5.4256e-02, -1.5855e-01,
         -7.7350e-02, -1.2248e-02, -7.5792e-03,  5.0543e-03,  7.0572e-01,
         -1.2776e-02,  9.7550e-03,  1.9335e-08,  2.9441e-08, -3.1815e-08,
         -2.0071e-08],
        [-3.3084e-01, -3.7722e-01, -3.0550e-03, -4.1166e-02,  2.7157e-01,
         -6.7759e-02,  5.7677e-02,  3.6039e-02,  7.7372e-01,  1.6097e-02,
         -1.7269e-02, -1.5047e-01,  1.5801e-01, -1.1921e-01,  5.0015e-02,
          5.7641e-03, -4.4012e-03,  1.4113e-08,  4.6066e-09, -7.2258e-09,
         -3.3019e-09],
        [ 1.3347e-01, -1.2277e-01, -5.2871e-01, -6.3092e-02,  1.3046e-02,
          9.5793e-02, -2.5408e-01, -8.4040e-02,  2.7864e-02, -3.1817e-01,
          2.1772e-02,  7.1250e-03, -4.1019e-03,  1.1390e-03, -1.6347e-04,
          6.6668e-03, -6.6286e-03,  6.8778e-01,  1.4786e-01, -2.2397e-02,
         -6.7762e-02],
        [ 1.6244e-01, -1.9341e-01,  1.5097e-01, -2.6553e-01, -9.1692e-02,
         -1.5007e-01, -2.3809e-01, -3.3987e-01, -3.8535e-03,  1.5106e-01,
         -3.4028e-01, -3.8007e-03,  3.1854e-02, -1.3770e-03,  1.9758e-04,
         -3.9803e-02, -3.3558e-02,  9.9374e-03, -2.0451e-02, -6.5028e-01,
          2.7209e-01],
        [-1.6661e-01, -1.6360e-01,  2.3520e-02,  3.1676e-01, -2.9906e-01,
          2.1044e-01, -9.3356e-02, -1.8623e-01, -4.7222e-02,  6.0425e-02,
          3.4704e-02, -3.7375e-01, -9.7240e-02,  1.2854e-02, -1.8446e-03,
          2.5005e-01,  1.5413e-01, -9.8941e-02,  5.8858e-01,  6.4711e-02,
          2.5374e-01],
        [-2.3315e-01,  2.6651e-01, -1.4629e-01,  1.1702e-01,  6.2287e-02,
         -3.1387e-01, -1.2333e-01, -2.3531e-01,  2.8419e-02,  8.5174e-02,
          5.8058e-02, -4.2513e-02, -1.6741e-01, -4.2922e-02,  6.1592e-03,
         -6.5420e-01, -2.7794e-01, -7.9744e-02,  3.1869e-01, -5.2460e-03,
         -1.0110e-01],
        [ 1.8945e-01,  3.7693e-02,  9.4332e-02,  2.1295e-01,  3.9600e-01,
          1.9128e-01, -7.9034e-02, -1.9422e-01, -4.2707e-02,  5.3954e-02,
