WARNING: All log messages before absl::InitializeLog() is called are written to STDERR
I0000 00:00:1781439427.211869 1004436 port.cc:153] oneDNN custom operations are on. You may see slightly different numerical results due to floating-point round-off errors from different computation orders. To turn them off, set the environment variable `TF_ENABLE_ONEDNN_OPTS=0`.
I0000 00:00:1781439427.249108 1004436 cpu_feature_guard.cc:227] This TensorFlow binary is optimized to use available CPU instructions in performance-critical operations.
To enable the following instructions: AVX2 AVX512F AVX512_VNNI AVX512_BF16 FMA, in other operations, rebuild TensorFlow with the appropriate compiler flags.
WARNING: All log messages before absl::InitializeLog() is called are written to STDERR
I0000 00:00:1781439428.215909 1004436 port.cc:153] oneDNN custom operations are on. You may see slightly different numerical results due to floating-point round-off errors from different computation orders. To turn them off, set the environment variable `TF_ENABLE_ONEDNN_OPTS=0`.
:9: UserWarning: The torch.cuda.*DtypeTensor constructors are no longer recommended. It's best to use methods such as torch.tensor(data, dtype=*, device='cuda') to create tensors. (Triggered internally at /pytorch/torch/csrc/tensor/python_tensor.cpp:78.)
:20: UserWarning: torch.qr is deprecated in favor of torch.linalg.qr and will be removed in a future PyTorch release.
The boolean parameter 'some' has been replaced with a string parameter 'mode'.
Q, R = torch.qr(A, some)
should be replaced with
Q, R = torch.linalg.qr(A, 'reduced' if some else 'complete') (Triggered internally at /pytorch/aten/src/ATen/native/BatchLinearAlgebra.cpp:2491.)

FrameworkSingle DuelFinished 420 Problem since line 6
Last lines before problem: 
3 > input_data = torch.squeeze(input_data, dim=0)
4 > input_data = input_data.repeat(3, 6)
5 > result = torch.qr(torch.mm(input_data, input_data.t()))
6 > result = result[0]
VarInconsistentCatch 
diff:['result', 'PassLogTorchIntermediateTempVar8_result']
CPU:
{   'PassFlattenCallTempVar1': array([[-0.36870817, -0.09393865, -0.46603547, -0.78214364],
       [ 0.73633296,  0.25945704, -0.29496258, -0.8649248 ],
       [ 0.25270118,  0.19732172, -0.8155655 , -0.8862969 ]]),
    'PassFlattenCallTempVar2': tensor([[-0.3687,  0.7363,  0.2527, -0.3687,  0.7363,  0.2527, -0.3687,  0.7363,
          0.2527],
        [-0.0939,  0.2595,  0.1973, -0.0939,  0.2595,  0.1973, -0.0939,  0.2595,
          0.1973],
        [-0.4660, -0.2950, -0.8156, -0.4660, -0.2950, -0.8156, -0.4660, -0.2950,
         -0.8156],
        [-0.7821, -0.8649, -0.8863, -0.7821, -0.8649, -0.8863, -0.7821, -0.8649,
         -0.8863],
        [-0.3687,  0.7363,  0.2527, -0.3687,  0.7363,  0.2527, -0.3687,  0.7363,
          0.2527],
        [-0.0939,  0.2595,  0.1973, -0.0939,  0.2595,  0.1973, -0.0939,  0.2595,
          0.1973],
        [-0.4660, -0.2950, -0.8156, -0.4660, -0.2950, -0.8156, -0.4660, -0.2950,
         -0.8156],
        [-0.7821, -0.8649, -0.8863, -0.7821, -0.8649, -0.8863, -0.7821, -0.8649,
         -0.8863],
        [-0.3687,  0.7363,  0.2527, -0.3687,  0.7363,  0.2527, -0.3687,  0.7363,
          0.2527],
        [-0.0939,  0.2595,  0.1973, -0.0939,  0.2595,  0.1973, -0.0939,  0.2595,
          0.1973],
        [-0.4660, -0.2950, -0.8156, -0.4660, -0.2950, -0.8156, -0.4660, -0.2950,
         -0.8156],
        [-0.7821, -0.8649, -0.8863, -0.7821, -0.8649, -0.8863, -0.7821, -0.8649,
         -0.8863],
        [-0.3687,  0.7363,  0.2527, -0.3687,  0.7363,  0.2527, -0.3687,  0.7363,
          0.2527],
        [-0.0939,  0.2595,  0.1973, -0.0939,  0.2595,  0.1973, -0.0939,  0.2595,
          0.1973],
        [-0.4660, -0.2950, -0.8156, -0.4660, -0.2950, -0.8156, -0.4660, -0.2950,
         -0.8156],
        [-0.7821, -0.8649, -0.8863, -0.7821, -0.8649, -0.8863, -0.7821, -0.8649,
         -0.8863],
        [-0.3687,  0.7363,  0.2527, -0.3687,  0.7363,  0.2527, -0.3687,  0.7363,
          0.2527],
        [-0.0939,  0.2595,  0.1973, -0.0939,  0.2595,  0.1973, -0.0939,  0.2595,
          0.1973],
        [-0.4660, -0.2950, -0.8156, -0.4660, -0.2950, -0.8156, -0.4660, -0.2950,
         -0.8156],
        [-0.7821, -0.8649, -0.8863, -0.7821, -0.8649, -0.8863, -0.7821, -0.8649,
         -0.8863],
        [-0.3687,  0.7363,  0.2527, -0.3687,  0.7363,  0.2527, -0.3687,  0.7363,
          0.2527],
        [-0.0939,  0.2595,  0.1973, -0.0939,  0.2595,  0.1973, -0.0939,  0.2595,
          0.1973],
        [-0.4660, -0.2950, -0.8156, -0.4660, -0.2950, -0.8156, -0.4660, -0.2950,
         -0.8156],
        [-0.7821, -0.8649, -0.8863, -0.7821, -0.8649, -0.8863, -0.7821, -0.8649,
         -0.8863]]),
    'PassFlattenCallTempVar3': tensor([[5.8422, 3.1086, 5.7695, 5.8422, 3.1086, 5.7695, 5.8422, 3.1086, 5.7695],
        [3.1086, 8.6676, 7.4665, 3.1086, 8.6676, 7.4665, 3.1086, 8.6676, 7.4665],
        [5.7695, 7.4665, 9.3208, 5.7695, 7.4665, 9.3208, 5.7695, 7.4665, 9.3208],
        [5.8422, 3.1086, 5.7695, 5.8422, 3.1086, 5.7695, 5.8422, 3.1086, 5.7695],
        [3.1086, 8.6676, 7.4665, 3.1086, 8.6676, 7.4665, 3.1086, 8.6676, 7.4665],
        [5.7695, 7.4665, 9.3208, 5.7695, 7.4665, 9.3208, 5.7695, 7.4665, 9.3208],
        [5.8422, 3.1086, 5.7695, 5.8422, 3.1086, 5.7695, 5.8422, 3.1086, 5.7695],
        [3.1086, 8.6676, 7.4665, 3.1086, 8.6676, 7.4665, 3.1086, 8.6676, 7.4665],
        [5.7695, 7.4665, 9.3208, 5.7695, 7.4665, 9.3208, 5.7695, 7.4665, 9.3208]]),
    'PassLogTorchIntermediateTempVar2_input_data': tensor([[-0.3687, -0.0939, -0.4660, -0.7821],
        [ 0.7363,  0.2595, -0.2950, -0.8649],
        [ 0.2527,  0.1973, -0.8156, -0.8863]]),
    'PassLogTorchIntermediateTempVar3_input_data': tensor([[-0.3687, -0.0939, -0.4660, -0.7821],
        [ 0.7363,  0.2595, -0.2950, -0.8649],
        [ 0.2527,  0.1973, -0.8156, -0.8863]]),
    'PassLogTorchIntermediateTempVar4_input_data': tensor([[-0.3687, -0.0939, -0.4660, -0.7821, -0.3687, -0.0939, -0.4660, -0.7821,
         -0.3687, -0.0939, -0.4660, -0.7821, -0.3687, -0.0939, -0.4660, -0.7821,
         -0.3687, -0.0939, -0.4660, -0.7821, -0.3687, -0.0939, -0.4660, -0.7821],
        [ 0.7363,  0.2595, -0.2950, -0.8649,  0.7363,  0.2595, -0.2950, -0.8649,
          0.7363,  0.2595, -0.2950, -0.8649,  0.7363,  0.2595, -0.2950, -0.8649,
          0.7363,  0.2595, -0.2950, -0.8649,  0.7363,  0.2595, -0.2950, -0.8649],
        [ 0.2527,  0.1973, -0.8156, -0.8863,  0.2527,  0.1973, -0.8156, -0.8863,
          0.2527,  0.1973, -0.8156, -0.8863,  0.2527,  0.1973, -0.8156, -0.8863,
          0.2527,  0.1973, -0.8156, -0.8863,  0.2527,  0.1973, -0.8156, -0.8863],
        [-0.3687, -0.0939, -0.4660, -0.7821, -0.3687, -0.0939, -0.4660, -0.7821,
         -0.3687, -0.0939, -0.4660, -0.7821, -0.3687, -0.0939, -0.4660, -0.7821,
         -0.3687, -0.0939, -0.4660, -0.7821, -0.3687, -0.0939, -0.4660, -0.7821],
        [ 0.7363,  0.2595, -0.2950, -0.8649,  0.7363,  0.2595, -0.2950, -0.8649,
          0.7363,  0.2595, -0.2950, -0.8649,  0.7363,  0.2595, -0.2950, -0.8649,
          0.7363,  0.2595, -0.2950, -0.8649,  0.7363,  0.2595, -0.2950, -0.8649],
        [ 0.2527,  0.1973, -0.8156, -0.8863,  0.2527,  0.1973, -0.8156, -0.8863,
          0.2527,  0.1973, -0.8156, -0.8863,  0.2527,  0.1973, -0.8156, -0.8863,
          0.2527,  0.1973, -0.8156, -0.8863,  0.2527,  0.1973, -0.8156, -0.8863],
        [-0.3687, -0.0939, -0.4660, -0.7821, -0.3687, -0.0939, -0.4660, -0.7821,
         -0.3687, -0.0939, -0.4660, -0.7821, -0.3687, -0.0939, -0.4660, -0.7821,
         -0.3687, -0.0939, -0.4660, -0.7821, -0.3687, -0.0939, -0.4660, -0.7821],
        [ 0.7363,  0.2595, -0.2950, -0.8649,  0.7363,  0.2595, -0.2950, -0.8649,
          0.7363,  0.2595, -0.2950, -0.8649,  0.7363,  0.2595, -0.2950, -0.8649,
          0.7363,  0.2595, -0.2950, -0.8649,  0.7363,  0.2595, -0.2950, -0.8649],
        [ 0.2527,  0.1973, -0.8156, -0.8863,  0.2527,  0.1973, -0.8156, -0.8863,
          0.2527,  0.1973, -0.8156, -0.8863,  0.2527,  0.1973, -0.8156, -0.8863,
          0.2527,  0.1973, -0.8156, -0.8863,  0.2527,  0.1973, -0.8156, -0.8863]]),
    'PassLogTorchIntermediateTempVar5_PassFlattenCallTempVar2': tensor([[-0.3687,  0.7363,  0.2527, -0.3687,  0.7363,  0.2527, -0.3687,  0.7363,
          0.2527],
        [-0.0939,  0.2595,  0.1973, -0.0939,  0.2595,  0.1973, -0.0939,  0.2595,
          0.1973],
        [-0.4660, -0.2950, -0.8156, -0.4660, -0.2950, -0.8156, -0.4660, -0.2950,
         -0.8156],
        [-0.7821, -0.8649, -0.8863, -0.7821, -0.8649, -0.8863, -0.7821, -0.8649,
         -0.8863],
        [-0.3687,  0.7363,  0.2527, -0.3687,  0.7363,  0.2527, -0.3687,  0.7363,
          0.2527],
        [-0.0939,  0.2595,  0.1973, -0.0939,  0.2595,  0.1973, -0.0939,  0.2595,
          0.1973],
        [-0.4660, -0.2950, -0.8156, -0.4660, -0.2950, -0.8156, -0.4660, -0.2950,
         -0.8156],
        [-0.7821, -0.8649, -0.8863, -0.7821, -0.8649, -0.8863, -0.7821, -0.8649,
         -0.8863],
        [-0.3687,  0.7363,  0.2527, -0.3687,  0.7363,  0.2527, -0.3687,  0.7363,
          0.2527],
        [-0.0939,  0.2595,  0.1973, -0.0939,  0.2595,  0.1973, -0.0939,  0.2595,
          0.1973],
        [-0.4660, -0.2950, -0.8156, -0.4660, -0.2950, -0.8156, -0.4660, -0.2950,
         -0.8156],
        [-0.7821, -0.8649, -0.8863, -0.7821, -0.8649, -0.8863, -0.7821, -0.8649,
         -0.8863],
        [-0.3687,  0.7363,  0.2527, -0.3687,  0.7363,  0.2527, -0.3687,  0.7363,
          0.2527],
        [-0.0939,  0.2595,  0.1973, -0.0939,  0.2595,  0.1973, -0.0939,  0.2595,
          0.1973],
        [-0.4660, -0.2950, -0.8156, -0.4660, -0.2950, -0.8156, -0.4660, -0.2950,
         -0.8156],
        [-0.7821, -0.8649, -0.8863, -0.7821, -0.8649, -0.8863, -0.7821, -0.8649,
         -0.8863],
        [-0.3687,  0.7363,  0.2527, -0.3687,  0.7363,  0.2527, -0.3687,  0.7363,
          0.2527],
        [-0.0939,  0.2595,  0.1973, -0.0939,  0.2595,  0.1973, -0.0939,  0.2595,
          0.1973],
        [-0.4660, -0.2950, -0.8156, -0.4660, -0.2950, -0.8156, -0.4660, -0.2950,
         -0.8156],
        [-0.7821, -0.8649, -0.8863, -0.7821, -0.8649, -0.8863, -0.7821, -0.8649,
         -0.8863],
        [-0.3687,  0.7363,  0.2527, -0.3687,  0.7363,  0.2527, -0.3687,  0.7363,
          0.2527],
        [-0.0939,  0.2595,  0.1973, -0.0939,  0.2595,  0.1973, -0.0939,  0.2595,
          0.1973],
        [-0.4660, -0.2950, -0.8156, -0.4660, -0.2950, -0.8156, -0.4660, -0.2950,
         -0.8156],
        [-0.7821, -0.8649, -0.8863, -0.7821, -0.8649, -0.8863, -0.7821, -0.8649,
         -0.8863]]),
    'PassLogTorchIntermediateTempVar6_PassFlattenCallTempVar3': tensor([[5.8422, 3.1086, 5.7695, 5.8422, 3.1086, 5.7695, 5.8422, 3.1086, 5.7695],
        [3.1086, 8.6676, 7.4665, 3.1086, 8.6676, 7.4665, 3.1086, 8.6676, 7.4665],
        [5.7695, 7.4665, 9.3208, 5.7695, 7.4665, 9.3208, 5.7695, 7.4665, 9.3208],
        [5.8422, 3.1086, 5.7695, 5.8422, 3.1086, 5.7695, 5.8422, 3.1086, 5.7695],
        [3.1086, 8.6676, 7.4665, 3.1086, 8.6676, 7.4665, 3.1086, 8.6676, 7.4665],
        [5.7695, 7.4665, 9.3208, 5.7695, 7.4665, 9.3208, 5.7695, 7.4665, 9.3208],
        [5.8422, 3.1086, 5.7695, 5.8422, 3.1086, 5.7695, 5.8422, 3.1086, 5.7695],
        [3.1086, 8.6676, 7.4665, 3.1086, 8.6676, 7.4665, 3.1086, 8.6676, 7.4665],
        [5.7695, 7.4665, 9.3208, 5.7695, 7.4665, 9.3208, 5.7695, 7.4665, 9.3208]]),
    'PassLogTorchIntermediateTempVar8_result': tensor([[-3.8419e-01,  3.2776e-01,  2.7983e-01,  8.1650e-01,  2.4493e-08,
          6.1878e-08, -8.7660e-08,  5.1565e-09,  2.0626e-08],
        [-2.0442e-01, -4.6862e-01,  2.6822e-01,  2.5332e-07, -5.7330e-01,
         -5.6157e-02,  2.9706e-02, -5.7484e-01, -5.9242e-02],
        [-3.7940e-01, -7.9405e-02, -4.2788e-01, -5.6624e-07,  5.9033e-02,
         -5.7268e-01,  7.1653e-02,  5.9663e-02, -5.7142e-01],
        [-3.8419e-01,  3.2776e-01,  2.7984e-01, -4.0825e-01, -2.9665e-02,
         -4.0766e-02,  6.9092e-01,  5.5848e-02,  1.3026e-01],
        [-2.0442e-01, -4.6862e-01,  2.6822e-01,  2.9802e-07,  7.8665e-01,
          2.8079e-02,  4.5340e-02, -2.0889e-01,  3.7004e-02],
        [-3.7940e-01, -7.9405e-02, -4.2788e-01, -6.5565e-07, -2.9517e-02,
          7.8634e-01,  8.4559e-02, -2.2449e-02, -1.9952e-01],
        [-3.8419e-01,  3.2776e-01,  2.7984e-01, -4.0825e-01,  2.9665e-02,
          4.0766e-02, -6.9092e-01, -5.5848e-02, -1.3026e-01],
        [-2.0442e-01, -4.6862e-01,  2.6822e-01,  2.9802e-07, -2.1335e-01,
          2.8079e-02, -7.5046e-02,  7.8373e-01,  2.2238e-02],
        [-3.7940e-01, -7.9405e-02, -4.2788e-01, -6.5565e-07, -2.9517e-02,
         -2.1366e-01, -1.5621e-01, -3.7214e-02,  7.7095e-01]]),
    'input_data': tensor([[-0.3687, -0.0939, -0.4660, -0.7821, -0.3687, -0.0939, -0.4660, -0.7821,
         -0.3687, -0.0939, -0.4660, -0.7821, -0.3687, -0.0939, -0.4660, -0.7821,
         -0.3687, -0.0939, -0.4660, -0.7821, -0.3687, -0.0939, -0.4660, -0.7821],
        [ 0.7363,  0.2595, -0.2950, -0.8649,  0.7363,  0.2595, -0.2950, -0.8649,
          0.7363,  0.2595, -0.2950, -0.8649,  0.7363,  0.2595, -0.2950, -0.8649,
          0.7363,  0.2595, -0.2950, -0.8649,  0.7363,  0.2595, -0.2950, -0.8649],
        [ 0.2527,  0.1973, -0.8156, -0.8863,  0.2527,  0.1973, -0.8156, -0.8863,
          0.2527,  0.1973, -0.8156, -0.8863,  0.2527,  0.1973, -0.8156, -0.8863,
          0.2527,  0.1973, -0.8156, -0.8863,  0.2527,  0.1973, -0.8156, -0.8863],
        [-0.3687, -0.0939, -0.4660, -0.7821, -0.3687, -0.0939, -0.4660, -0.7821,
         -0.3687, -0.0939, -0.4660, -0.7821, -0.3687, -0.0939, -0.4660, -0.7821,
         -0.3687, -0.0939, -0.4660, -0.7821, -0.3687, -0.0939, -0.4660, -0.7821],
        [ 0.7363,  0.2595, -0.2950, -0.8649,  0.7363,  0.2595, -0.2950, -0.8649,
          0.7363,  0.2595, -0.2950, -0.8649,  0.7363,  0.2595, -0.2950, -0.8649,
          0.7363,  0.2595, -0.2950, -0.8649,  0.7363,  0.2595, -0.2950, -0.8649],
        [ 0.2527,  0.1973, -0.8156, -0.8863,  0.2527,  0.1973, -0.8156, -0.8863,
          0.2527,  0.1973, -0.8156, -0.8863,  0.2527,  0.1973, -0.8156, -0.8863,
          0.2527,  0.1973, -0.8156, -0.8863,  0.2527,  0.1973, -0.8156, -0.8863],
        [-0.3687, -0.0939, -0.4660, -0.7821, -0.3687, -0.0939, -0.4660, -0.7821,
         -0.3687, -0.0939, -0.4660, -0.7821, -0.3687, -0.0939, -0.4660, -0.7821,
         -0.3687, -0.0939, -0.4660, -0.7821, -0.3687, -0.0939, -0.4660, -0.7821],
        [ 0.7363,  0.2595, -0.2950, -0.8649,  0.7363,  0.2595, -0.2950, -0.8649,
          0.7363,  0.2595, -0.2950, -0.8649,  0.7363,  0.2595, -0.2950, -0.8649,
          0.7363,  0.2595, -0.2950, -0.8649,  0.7363,  0.2595, -0.2950, -0.8649],
        [ 0.2527,  0.1973, -0.8156, -0.8863,  0.2527,  0.1973, -0.8156, -0.8863,
          0.2527,  0.1973, -0.8156, -0.8863,  0.2527,  0.1973, -0.8156, -0.8863,
          0.2527,  0.1973, -0.8156, -0.8863,  0.2527,  0.1973, -0.8156, -0.8863]]),
    'result': tensor([[-3.8419e-01,  3.2776e-01,  2.7983e-01,  8.1650e-01,  2.4493e-08,
          6.1878e-08, -8.7660e-08,  5.1565e-09,  2.0626e-08],
        [-2.0442e-01, -4.6862e-01,  2.6822e-01,  2.5332e-07, -5.7330e-01,
         -5.6157e-02,  2.9706e-02, -5.7484e-01, -5.9242e-02],
        [-3.7940e-01, -7.9405e-02, -4.2788e-01, -5.6624e-07,  5.9033e-02,
         -5.7268e-01,  7.1653e-02,  5.9663e-02, -5.7142e-01],
        [-3.8419e-01,  3.2776e-01,  2.7984e-01, -4.0825e-01, -2.9665e-02,
         -4.0766e-02,  6.9092e-01,  5.5848e-02,  1.3026e-01],
        [-2.0442e-01, -4.6862e-01,  2.6822e-01,  2.9802e-07,  7.8665e-01,
          2.8079e-02,  4.5340e-02, -2.0889e-01,  3.7004e-02],
        [-3.7940e-01, -7.9405e-02, -4.2788e-01, -6.5565e-07, -2.9517e-02,
          7.8634e-01,  8.4559e-02, -2.2449e-02, -1.9952e-01],
        [-3.8419e-01,  3.2776e-01,  2.7984e-01, -4.0825e-01,  2.9665e-02,
          4.0766e-02, -6.9092e-01, -5.5848e-02, -1.3026e-01],
        [-2.0442e-01, -4.6862e-01,  2.6822e-01,  2.9802e-07, -2.1335e-01,
          2.8079e-02, -7.5046e-02,  7.8373e-01,  2.2238e-02],
        [-3.7940e-01, -7.9405e-02, -4.2788e-01, -6.5565e-07, -2.9517e-02,
         -2.1366e-01, -1.5621e-01, -3.7214e-02,  7.7095e-01]])}
GPU:
{   'PassFlattenCallTempVar1': array([[-0.36870817, -0.09393865, -0.46603547, -0.78214364],
       [ 0.73633296,  0.25945704, -0.29496258, -0.8649248 ],
       [ 0.25270118,  0.19732172, -0.8155655 , -0.8862969 ]]),
    'PassFlattenCallTempVar2': tensor([[-0.3687,  0.7363,  0.2527, -0.3687,  0.7363,  0.2527, -0.3687,  0.7363,
          0.2527],
        [-0.0939,  0.2595,  0.1973, -0.0939,  0.2595,  0.1973, -0.0939,  0.2595,
          0.1973],
        [-0.4660, -0.2950, -0.8156, -0.4660, -0.2950, -0.8156, -0.4660, -0.2950,
         -0.8156],
        [-0.7821, -0.8649, -0.8863, -0.7821, -0.8649, -0.8863, -0.7821, -0.8649,
         -0.8863],
        [-0.3687,  0.7363,  0.2527, -0.3687,  0.7363,  0.2527, -0.3687,  0.7363,
          0.2527],
        [-0.0939,  0.2595,  0.1973, -0.0939,  0.2595,  0.1973, -0.0939,  0.2595,
          0.1973],
        [-0.4660, -0.2950, -0.8156, -0.4660, -0.2950, -0.8156, -0.4660, -0.2950,
         -0.8156],
        [-0.7821, -0.8649, -0.8863, -0.7821, -0.8649, -0.8863, -0.7821, -0.8649,
         -0.8863],
        [-0.3687,  0.7363,  0.2527, -0.3687,  0.7363,  0.2527, -0.3687,  0.7363,
          0.2527],
        [-0.0939,  0.2595,  0.1973, -0.0939,  0.2595,  0.1973, -0.0939,  0.2595,
          0.1973],
        [-0.4660, -0.2950, -0.8156, -0.4660, -0.2950, -0.8156, -0.4660, -0.2950,
         -0.8156],
        [-0.7821, -0.8649, -0.8863, -0.7821, -0.8649, -0.8863, -0.7821, -0.8649,
         -0.8863],
        [-0.3687,  0.7363,  0.2527, -0.3687,  0.7363,  0.2527, -0.3687,  0.7363,
          0.2527],
        [-0.0939,  0.2595,  0.1973, -0.0939,  0.2595,  0.1973, -0.0939,  0.2595,
          0.1973],
        [-0.4660, -0.2950, -0.8156, -0.4660, -0.2950, -0.8156, -0.4660, -0.2950,
         -0.8156],
        [-0.7821, -0.8649, -0.8863, -0.7821, -0.8649, -0.8863, -0.7821, -0.8649,
         -0.8863],
        [-0.3687,  0.7363,  0.2527, -0.3687,  0.7363,  0.2527, -0.3687,  0.7363,
          0.2527],
        [-0.0939,  0.2595,  0.1973, -0.0939,  0.2595,  0.1973, -0.0939,  0.2595,
          0.1973],
        [-0.4660, -0.2950, -0.8156, -0.4660, -0.2950, -0.8156, -0.4660, -0.2950,
         -0.8156],
        [-0.7821, -0.8649, -0.8863, -0.7821, -0.8649, -0.8863, -0.7821, -0.8649,
         -0.8863],
        [-0.3687,  0.7363,  0.2527, -0.3687,  0.7363,  0.2527, -0.3687,  0.7363,
          0.2527],
        [-0.0939,  0.2595,  0.1973, -0.0939,  0.2595,  0.1973, -0.0939,  0.2595,
          0.1973],
        [-0.4660, -0.2950, -0.8156, -0.4660, -0.2950, -0.8156, -0.4660, -0.2950,
         -0.8156],
        [-0.7821, -0.8649, -0.8863, -0.7821, -0.8649, -0.8863, -0.7821, -0.8649,
         -0.8863]], device='cuda:0'),
    'PassFlattenCallTempVar3': tensor([[5.8422, 3.1086, 5.7695, 5.8422, 3.1086, 5.7695, 5.8422, 3.1086, 5.7695],
        [3.1086, 8.6676, 7.4665, 3.1086, 8.6676, 7.4665, 3.1086, 8.6676, 7.4665],
        [5.7695, 7.4665, 9.3208, 5.7695, 7.4665, 9.3208, 5.7695, 7.4665, 9.3208],
        [5.8422, 3.1086, 5.7695, 5.8422, 3.1086, 5.7695, 5.8422, 3.1086, 5.7695],
        [3.1086, 8.6676, 7.4665, 3.1086, 8.6676, 7.4665, 3.1086, 8.6676, 7.4665],
        [5.7695, 7.4665, 9.3208, 5.7695, 7.4665, 9.3208, 5.7695, 7.4665, 9.3208],
        [5.8422, 3.1086, 5.7695, 5.8422, 3.1086, 5.7695, 5.8422, 3.1086, 5.7695],
        [3.1086, 8.6676, 7.4665, 3.1086, 8.6676, 7.4665, 3.1086, 8.6676, 7.4665],
        [5.7695, 7.4665, 9.3208, 5.7695, 7.4665, 9.3208, 5.7695, 7.4665, 9.3208]],
       device='cuda:0'),
    'PassLogTorchIntermediateTempVar2_input_data': tensor([[-0.3687, -0.0939, -0.4660, -0.7821],
        [ 0.7363,  0.2595, -0.2950, -0.8649],
        [ 0.2527,  0.1973, -0.8156, -0.8863]], device='cuda:0'),
    'PassLogTorchIntermediateTempVar3_input_data': tensor([[-0.3687, -0.0939, -0.4660, -0.7821],
        [ 0.7363,  0.2595, -0.2950, -0.8649],
        [ 0.2527,  0.1973, -0.8156, -0.8863]], device='cuda:0'),
    'PassLogTorchIntermediateTempVar4_input_data': tensor([[-0.3687, -0.0939, -0.4660, -0.7821, -0.3687, -0.0939, -0.4660, -0.7821,
         -0.3687, -0.0939, -0.4660, -0.7821, -0.3687, -0.0939, -0.4660, -0.7821,
         -0.3687, -0.0939, -0.4660, -0.7821, -0.3687, -0.0939, -0.4660, -0.7821],
        [ 0.7363,  0.2595, -0.2950, -0.8649,  0.7363,  0.2595, -0.2950, -0.8649,
          0.7363,  0.2595, -0.2950, -0.8649,  0.7363,  0.2595, -0.2950, -0.8649,
          0.7363,  0.2595, -0.2950, -0.8649,  0.7363,  0.2595, -0.2950, -0.8649],
        [ 0.2527,  0.1973, -0.8156, -0.8863,  0.2527,  0.1973, -0.8156, -0.8863,
          0.2527,  0.1973, -0.8156, -0.8863,  0.2527,  0.1973, -0.8156, -0.8863,
          0.2527,  0.1973, -0.8156, -0.8863,  0.2527,  0.1973, -0.8156, -0.8863],
        [-0.3687, -0.0939, -0.4660, -0.7821, -0.3687, -0.0939, -0.4660, -0.7821,
         -0.3687, -0.0939, -0.4660, -0.7821, -0.3687, -0.0939, -0.4660, -0.7821,
         -0.3687, -0.0939, -0.4660, -0.7821, -0.3687, -0.0939, -0.4660, -0.7821],
        [ 0.7363,  0.2595, -0.2950, -0.8649,  0.7363,  0.2595, -0.2950, -0.8649,
          0.7363,  0.2595, -0.2950, -0.8649,  0.7363,  0.2595, -0.2950, -0.8649,
          0.7363,  0.2595, -0.2950, -0.8649,  0.7363,  0.2595, -0.2950, -0.8649],
        [ 0.2527,  0.1973, -0.8156, -0.8863,  0.2527,  0.1973, -0.8156, -0.8863,
          0.2527,  0.1973, -0.8156, -0.8863,  0.2527,  0.1973, -0.8156, -0.8863,
          0.2527,  0.1973, -0.8156, -0.8863,  0.2527,  0.1973, -0.8156, -0.8863],
        [-0.3687, -0.0939, -0.4660, -0.7821, -0.3687, -0.0939, -0.4660, -0.7821,
         -0.3687, -0.0939, -0.4660, -0.7821, -0.3687, -0.0939, -0.4660, -0.7821,
         -0.3687, -0.0939, -0.4660, -0.7821, -0.3687, -0.0939, -0.4660, -0.7821],
        [ 0.7363,  0.2595, -0.2950, -0.8649,  0.7363,  0.2595, -0.2950, -0.8649,
          0.7363,  0.2595, -0.2950, -0.8649,  0.7363,  0.2595, -0.2950, -0.8649,
          0.7363,  0.2595, -0.2950, -0.8649,  0.7363,  0.2595, -0.2950, -0.8649],
        [ 0.2527,  0.1973, -0.8156, -0.8863,  0.2527,  0.1973, -0.8156, -0.8863,
          0.2527,  0.1973, -0.8156, -0.8863,  0.2527,  0.1973, -0.8156, -0.8863,
          0.2527,  0.1973, -0.8156, -0.8863,  0.2527,  0.1973, -0.8156, -0.8863]],
       device='cuda:0'),
    'PassLogTorchIntermediateTempVar5_PassFlattenCallTempVar2': tensor([[-0.3687,  0.7363,  0.2527, -0.3687,  0.7363,  0.2527, -0.3687,  0.7363,
          0.2527],
        [-0.0939,  0.2595,  0.1973, -0.0939,  0.2595,  0.1973, -0.0939,  0.2595,
          0.1973],
        [-0.4660, -0.2950, -0.8156, -0.4660, -0.2950, -0.8156, -0.4660, -0.2950,
         -0.8156],
        [-0.7821, -0.8649, -0.8863, -0.7821, -0.8649, -0.8863, -0.7821, -0.8649,
         -0.8863],
        [-0.3687,  0.7363,  0.2527, -0.3687,  0.7363,  0.2527, -0.3687,  0.7363,
          0.2527],
        [-0.0939,  0.2595,  0.1973, -0.0939,  0.2595,  0.1973, -0.0939,  0.2595,
          0.1973],
        [-0.4660, -0.2950, -0.8156, -0.4660, -0.2950, -0.8156, -0.4660, -0.2950,
         -0.8156],
        [-0.7821, -0.8649, -0.8863, -0.7821, -0.8649, -0.8863, -0.7821, -0.8649,
         -0.8863],
        [-0.3687,  0.7363,  0.2527, -0.3687,  0.7363,  0.2527, -0.3687,  0.7363,
          0.2527],
        [-0.0939,  0.2595,  0.1973, -0.0939,  0.2595,  0.1973, -0.0939,  0.2595,
          0.1973],
        [-0.4660, -0.2950, -0.8156, -0.4660, -0.2950, -0.8156, -0.4660, -0.2950,
         -0.8156],
        [-0.7821, -0.8649, -0.8863, -0.7821, -0.8649, -0.8863, -0.7821, -0.8649,
         -0.8863],
        [-0.3687,  0.7363,  0.2527, -0.3687,  0.7363,  0.2527, -0.3687,  0.7363,
          0.2527],
        [-0.0939,  0.2595,  0.1973, -0.0939,  0.2595,  0.1973, -0.0939,  0.2595,
          0.1973],
        [-0.4660, -0.2950, -0.8156, -0.4660, -0.2950, -0.8156, -0.4660, -0.2950,
         -0.8156],
        [-0.7821, -0.8649, -0.8863, -0.7821, -0.8649, -0.8863, -0.7821, -0.8649,
         -0.8863],
        [-0.3687,  0.7363,  0.2527, -0.3687,  0.7363,  0.2527, -0.3687,  0.7363,
          0.2527],
        [-0.0939,  0.2595,  0.1973, -0.0939,  0.2595,  0.1973, -0.0939,  0.2595,
          0.1973],
        [-0.4660, -0.2950, -0.8156, -0.4660, -0.2950, -0.8156, -0.4660, -0.2950,
         -0.8156],
        [-0.7821, -0.8649, -0.8863, -0.7821, -0.8649, -0.8863, -0.7821, -0.8649,
         -0.8863],
        [-0.3687,  0.7363,  0.2527, -0.3687,  0.7363,  0.2527, -0.3687,  0.7363,
          0.2527],
        [-0.0939,  0.2595,  0.1973, -0.0939,  0.2595,  0.1973, -0.0939,  0.2595,
          0.1973],
        [-0.4660, -0.2950, -0.8156, -0.4660, -0.2950, -0.8156, -0.4660, -0.2950,
         -0.8156],
        [-0.7821, -0.8649, -0.8863, -0.7821, -0.8649, -0.8863, -0.7821, -0.8649,
         -0.8863]], device='cuda:0'),
    'PassLogTorchIntermediateTempVar6_PassFlattenCallTempVar3': tensor([[5.8422, 3.1086, 5.7695, 5.8422, 3.1086, 5.7695, 5.8422, 3.1086, 5.7695],
        [3.1086, 8.6676, 7.4665, 3.1086, 8.6676, 7.4665, 3.1086, 8.6676, 7.4665],
        [5.7695, 7.4665, 9.3208, 5.7695, 7.4665, 9.3208, 5.7695, 7.4665, 9.3208],
        [5.8422, 3.1086, 5.7695, 5.8422, 3.1086, 5.7695, 5.8422, 3.1086, 5.7695],
        [3.1086, 8.6676, 7.4665, 3.1086, 8.6676, 7.4665, 3.1086, 8.6676, 7.4665],
        [5.7695, 7.4665, 9.3208, 5.7695, 7.4665, 9.3208, 5.7695, 7.4665, 9.3208],
        [5.8422, 3.1086, 5.7695, 5.8422, 3.1086, 5.7695, 5.8422, 3.1086, 5.7695],
        [3.1086, 8.6676, 7.4665, 3.1086, 8.6676, 7.4665, 3.1086, 8.6676, 7.4665],
        [5.7695, 7.4665, 9.3208, 5.7695, 7.4665, 9.3208, 5.7695, 7.4665, 9.3208]],
       device='cuda:0'),
    'PassLogTorchIntermediateTempVar8_result': tensor([[-3.8419e-01,  3.2776e-01,  2.7983e-01,  8.1650e-01,  3.0547e-07,
          3.7253e-08, -9.9872e-08,  3.6640e-08,  2.8360e-08],
        [-2.0442e-01, -4.6862e-01,  2.6823e-01, -2.0862e-07,  8.1650e-01,
          3.9029e-08, -1.0925e-08, -1.5201e-08,  8.5544e-09],
        [-3.7940e-01, -7.9405e-02, -4.2788e-01, -6.1095e-07,  3.5763e-07,
          8.1650e-01,  2.2956e-08, -9.5612e-09, -5.0679e-08],
        [-3.8419e-01,  3.2776e-01,  2.7984e-01, -4.0825e-01, -4.3958e-07,
          0.0000e+00,  7.0711e-01,  1.2349e-08, -2.2835e-09],
        [-2.0442e-01, -4.6862e-01,  2.6822e-01,  5.3644e-07, -4.0825e-01,
          3.7253e-08,  4.0270e-09,  7.0711e-01,  8.4707e-09],
        [-3.7940e-01, -7.9405e-02, -4.2788e-01, -6.2585e-07,  3.5018e-07,
         -4.0825e-01, -5.9381e-09, -1.3151e-08, -7.0711e-01],
        [-3.8419e-01,  3.2776e-01,  2.7984e-01, -4.0825e-01, -4.3958e-07,
          2.9802e-08, -7.0711e-01,  3.3528e-08,  3.7253e-09],
        [-2.0442e-01, -4.6862e-01,  2.6822e-01,  5.3644e-07, -4.0825e-01,
          4.4703e-08, -1.8626e-08, -7.0711e-01,  1.6764e-08],
        [-3.7940e-01, -7.9405e-02, -4.2788e-01, -6.2585e-07,  3.5018e-07,
         -4.0825e-01, -1.4901e-08, -1.8626e-09,  7.0711e-01]], device='cuda:0'),
    'input_data': tensor([[-0.3687, -0.0939, -0.4660, -0.7821, -0.3687, -0.0939, -0.4660, -0.7821,
         -0.3687, -0.0939, -0.4660, -0.7821, -0.3687, -0.0939, -0.4660, -0.7821,
         -0.3687, -0.0939, -0.4660, -0.7821, -0.3687, -0.0939, -0.4660, -0.7821],
        [ 0.7363,  0.2595, -0.2950, -0.8649,  0.7363,  0.2595, -0.2950, -0.8649,
          0.7363,  0.2595, -0.2950, -0.8649,  0.7363,  0.2595, -0.2950, -0.8649,
          0.7363,  0.2595, -0.2950, -0.8649,  0.7363,  0.2595, -0.2950, -0.8649],
        [ 0.2527,  0.1973, -0.8156, -0.8863,  0.2527,  0.1973, -0.8156, -0.8863,
          0.2527,  0.1973, -0.8156, -0.8863,  0.2527,  0.1973, -0.8156, -0.8863,
          0.2527,  0.1973, -0.8156, -0.8863,  0.2527,  0.1973, -0.8156, -0.8863],
        [-0.3687, -0.0939, -0.4660, -0.7821, -0.3687, -0.0939, -0.4660, -0.7821,
         -0.3687, -0.0939, -0.4660, -0.7821, -0.3687, -0.0939, -0.4660, -0.7821,
         -0.3687, -0.0939, -0.4660, -0.7821, -0.3687, -0.0939, -0.4660, -0.7821],
        [ 0.7363,  0.2595, -0.2950, -0.8649,  0.7363,  0.2595, -0.2950, -0.8649,
          0.7363,  0.2595, -0.2950, -0.8649,  0.7363,  0.2595, -0.2950, -0.8649,
          0.7363,  0.2595, -0.2950, -0.8649,  0.7363,  0.2595, -0.2950, -0.8649],
        [ 0.2527,  0.1973, -0.8156, -0.8863,  0.2527,  0.1973, -0.8156, -0.8863,
          0.2527,  0.1973, -0.8156, -0.8863,  0.2527,  0.1973, -0.8156, -0.8863,
          0.2527,  0.1973, -0.8156, -0.8863,  0.2527,  0.1973, -0.8156, -0.8863],
        [-0.3687, -0.0939, -0.4660, -0.7821, -0.3687, -0.0939, -0.4660, -0.7821,
         -0.3687, -0.0939, -0.4660, -0.7821, -0.3687, -0.0939, -0.4660, -0.7821,
         -0.3687, -0.0939, -0.4660, -0.7821, -0.3687, -0.0939, -0.4660, -0.7821],
        [ 0.7363,  0.2595, -0.2950, -0.8649,  0.7363,  0.2595, -0.2950, -0.8649,
          0.7363,  0.2595, -0.2950, -0.8649,  0.7363,  0.2595, -0.2950, -0.8649,
          0.7363,  0.2595, -0.2950, -0.8649,  0.7363,  0.2595, -0.2950, -0.8649],
        [ 0.2527,  0.1973, -0.8156, -0.8863,  0.2527,  0.1973, -0.8156, -0.8863,
          0.2527,  0.1973, -0.8156, -0.8863,  0.2527,  0.1973, -0.8156, -0.8863,
          0.2527,  0.1973, -0.8156, -0.8863,  0.2527,  0.1973, -0.8156, -0.8863]],
       device='cuda:0'),
    'result': tensor([[-3.8419e-01,  3.2776e-01,  2.7983e-01,  8.1650e-01,  3.0547e-07,
          3.7253e-08, -9.9872e-08,  3.6640e-08,  2.8360e-08],
        [-2.0442e-01, -4.6862e-01,  2.6823e-01, -2.0862e-07,  8.1650e-01,
          3.9029e-08, -1.0925e-08, -1.5201e-08,  8.5544e-09],
        [-3.7940e-01, -7.9405e-02, -4.2788e-01, -6.1095e-07,  3.5763e-07,
          8.1650e-01,  2.2956e-08, -9.5612e-09, -5.0679e-08],
        [-3.8419e-01,  3.2776e-01,  2.7984e-01, -4.0825e-01, -4.3958e-07,
          0.0000e+00,  7.0711e-01,  1.2349e-08, -2.2835e-09],
        [-2.0442e-01, -4.6862e-01,  2.6822e-01,  5.3644e-07, -4.0825e-01,
          3.7253e-08,  4.0270e-09,  7.0711e-01,  8.4707e-09],
        [-3.7940e-01, -7.9405e-02, -4.2788e-01, -6.2585e-07,  3.5018e-07,
         -4.0825e-01, -5.9381e-09, -1.3151e-08, -7.0711e-01],
        [-3.8419e-01,  3.2776e-01,  2.7984e-01, -4.0825e-01, -4.3958e-07,
          2.9802e-08, -7.0711e-01,  3.3528e-08,  3.7253e-09],
        [-2.0442e-01, -4.6862e-01,  2.6822e-01,  5.3644e-07, -4.0825e-01,
          4.4703e-08, -1.8626e-08, -7.0711e-01,  1.6764e-08],
        [-3.7940e-01, -7.9405e-02, -4.2788e-01, -6.2585e-07,  3.5018e-07,
         -4.0825e-01, -1.4901e-08, -1.8626e-09,  7.0711e-01]], device='cuda:0')}
