WARNING: All log messages before absl::InitializeLog() is called are written to STDERR
I0000 00:00:1781439313.695376  994732 port.cc:153] oneDNN custom operations are on. You may see slightly different numerical results due to floating-point round-off errors from different computation orders. To turn them off, set the environment variable `TF_ENABLE_ONEDNN_OPTS=0`.
I0000 00:00:1781439313.734474  994732 cpu_feature_guard.cc:227] This TensorFlow binary is optimized to use available CPU instructions in performance-critical operations.
To enable the following instructions: AVX2 AVX512F AVX512_VNNI AVX512_BF16 FMA, in other operations, rebuild TensorFlow with the appropriate compiler flags.
WARNING: All log messages before absl::InitializeLog() is called are written to STDERR
I0000 00:00:1781439314.706453  994732 port.cc:153] oneDNN custom operations are on. You may see slightly different numerical results due to floating-point round-off errors from different computation orders. To turn them off, set the environment variable `TF_ENABLE_ONEDNN_OPTS=0`.

FrameworkSingle DuelFinished 420 Problem since line 2
Last lines before problem: 
1 > _input_tensor = torch.randn(5, 5)
2 > (u, s, vh) = torch.Tensor.svd(_input_tensor, some=False, compute_uv=True)
VarInconsistentCatch 
diff:['u', 'vh']
CPU:
{   'PassLogTorchIntermediateTempVar1__input_tensor': tensor([[-0.0070,  0.5044,  0.6704, -0.3829,  0.0302],
        [ 0.3826, -0.5131,  0.7104,  1.8092,  0.7538],
        [ 0.6128, -0.9300, -0.7392,  0.4839,  2.0201],
        [-0.3333,  1.6243,  0.3298,  0.4856,  0.4131],
        [-0.0021, -1.1769,  0.8036, -1.2524,  0.7749]]),
    '_input_tensor': tensor([[-0.0070,  0.5044,  0.6704, -0.3829,  0.0302],
        [ 0.3826, -0.5131,  0.7104,  1.8092,  0.7538],
        [ 0.6128, -0.9300, -0.7392,  0.4839,  2.0201],
        [-0.3333,  1.6243,  0.3298,  0.4856,  0.4131],
        [-0.0021, -1.1769,  0.8036, -1.2524,  0.7749]]),
    's': tensor([2.9395, 2.4625, 1.5292, 1.4403, 0.2359]),
    'u': tensor([[ 0.1464, -0.0263, -0.5158,  0.0087,  0.8436],
        [-0.4795,  0.5395, -0.2075, -0.6600, -0.0200],
        [-0.7890,  0.0456,  0.0886,  0.5769,  0.1866],
        [ 0.2147,  0.5217, -0.5722,  0.4618, -0.3756],
        [-0.2830, -0.6588, -0.5964, -0.1352, -0.3346]]),
    'vh': tensor([[-0.2514,  0.0252,  0.1115, -0.0366,  0.9604],
        [ 0.5904,  0.5240, -0.3032,  0.4969,  0.1949],
        [ 0.0626, -0.0103, -0.8022, -0.5872,  0.0874],
        [-0.2880,  0.8473,  0.2184, -0.3643, -0.1368],
        [-0.7081,  0.0824, -0.4522,  0.5236, -0.1150]])}
GPU:
{   'PassLogTorchIntermediateTempVar1__input_tensor': tensor([[-0.0070,  0.5044,  0.6704, -0.3829,  0.0302],
        [ 0.3826, -0.5131,  0.7104,  1.8092,  0.7538],
        [ 0.6128, -0.9300, -0.7392,  0.4839,  2.0201],
        [-0.3333,  1.6243,  0.3298,  0.4856,  0.4131],
        [-0.0021, -1.1769,  0.8036, -1.2524,  0.7749]], device='cuda:0'),
    '_input_tensor': tensor([[-0.0070,  0.5044,  0.6704, -0.3829,  0.0302],
        [ 0.3826, -0.5131,  0.7104,  1.8092,  0.7538],
        [ 0.6128, -0.9300, -0.7392,  0.4839,  2.0201],
        [-0.3333,  1.6243,  0.3298,  0.4856,  0.4131],
        [-0.0021, -1.1769,  0.8036, -1.2524,  0.7749]], device='cuda:0'),
    's': tensor([2.9395, 2.4625, 1.5292, 1.4403, 0.2359], device='cuda:0'),
    'u': tensor([[-0.1464, -0.0263,  0.5158, -0.0087,  0.8436],
        [ 0.4795,  0.5395,  0.2075,  0.6600, -0.0200],
        [ 0.7890,  0.0456, -0.0886, -0.5769,  0.1866],
        [-0.2147,  0.5217,  0.5722, -0.4618, -0.3756],
        [ 0.2830, -0.6588,  0.5964,  0.1352, -0.3346]], device='cuda:0'),
    'vh': tensor([[ 0.2514,  0.0252, -0.1115,  0.0366,  0.9604],
        [-0.5904,  0.5240,  0.3032, -0.4969,  0.1949],
        [-0.0626, -0.0103,  0.8022,  0.5872,  0.0874],
        [ 0.2880,  0.8473, -0.2184,  0.3643, -0.1368],
        [ 0.7081,  0.0824,  0.4522, -0.5236, -0.1150]], device='cuda:0')}
