WARNING: All log messages before absl::InitializeLog() is called are written to STDERR
I0000 00:00:1781439388.472929 1000891 port.cc:153] oneDNN custom operations are on. You may see slightly different numerical results due to floating-point round-off errors from different computation orders. To turn them off, set the environment variable `TF_ENABLE_ONEDNN_OPTS=0`.
I0000 00:00:1781439388.512234 1000891 cpu_feature_guard.cc:227] This TensorFlow binary is optimized to use available CPU instructions in performance-critical operations.
To enable the following instructions: AVX2 AVX512F AVX512_VNNI AVX512_BF16 FMA, in other operations, rebuild TensorFlow with the appropriate compiler flags.
WARNING: All log messages before absl::InitializeLog() is called are written to STDERR
I0000 00:00:1781439389.494644 1000891 port.cc:153] oneDNN custom operations are on. You may see slightly different numerical results due to floating-point round-off errors from different computation orders. To turn them off, set the environment variable `TF_ENABLE_ONEDNN_OPTS=0`.
:11: UserWarning: torch.qr is deprecated in favor of torch.linalg.qr and will be removed in a future PyTorch release.
The boolean parameter 'some' has been replaced with a string parameter 'mode'.
Q, R = torch.qr(A, some)
should be replaced with
Q, R = torch.linalg.qr(A, 'reduced' if some else 'complete') (Triggered internally at /pytorch/aten/src/ATen/native/BatchLinearAlgebra.cpp:2491.)

FrameworkSingle DuelFinished 420 Problem since line 5
Last lines before problem: 
2 > input_data = torch.randn(2, 3)
3 > input_data = torch.nn.functional.normalize(input_data, dim=0)
4 > input_data = input_data.repeat(3, 6)
5 > result = torch.qr(input_data)[0]
VarInconsistentCatch 
diff:['result', 'PassLogTorchIntermediateTempVar5_result']
CPU:
{   'PassLogTorchIntermediateTempVar1_input_data': tensor([[-1.6977,  0.6374,  0.0781],
        [-0.4140,  1.5172,  0.0473]]),
    'PassLogTorchIntermediateTempVar2_input_data': tensor([[-0.9715,  0.3873,  0.8556],
        [-0.2369,  0.9219,  0.5177]]),
    'PassLogTorchIntermediateTempVar3_input_data': tensor([[-0.9715,  0.3873,  0.8556, -0.9715,  0.3873,  0.8556, -0.9715,  0.3873,
          0.8556, -0.9715,  0.3873,  0.8556, -0.9715,  0.3873,  0.8556, -0.9715,
          0.3873,  0.8556],
        [-0.2369,  0.9219,  0.5177, -0.2369,  0.9219,  0.5177, -0.2369,  0.9219,
          0.5177, -0.2369,  0.9219,  0.5177, -0.2369,  0.9219,  0.5177, -0.2369,
          0.9219,  0.5177],
        [-0.9715,  0.3873,  0.8556, -0.9715,  0.3873,  0.8556, -0.9715,  0.3873,
          0.8556, -0.9715,  0.3873,  0.8556, -0.9715,  0.3873,  0.8556, -0.9715,
          0.3873,  0.8556],
        [-0.2369,  0.9219,  0.5177, -0.2369,  0.9219,  0.5177, -0.2369,  0.9219,
          0.5177, -0.2369,  0.9219,  0.5177, -0.2369,  0.9219,  0.5177, -0.2369,
          0.9219,  0.5177],
        [-0.9715,  0.3873,  0.8556, -0.9715,  0.3873,  0.8556, -0.9715,  0.3873,
          0.8556, -0.9715,  0.3873,  0.8556, -0.9715,  0.3873,  0.8556, -0.9715,
          0.3873,  0.8556],
        [-0.2369,  0.9219,  0.5177, -0.2369,  0.9219,  0.5177, -0.2369,  0.9219,
          0.5177, -0.2369,  0.9219,  0.5177, -0.2369,  0.9219,  0.5177, -0.2369,
          0.9219,  0.5177]]),
    'PassLogTorchIntermediateTempVar5_result': tensor([[-0.5609,  0.1368,  0.6814, -0.3105, -0.0978, -0.3105],
        [-0.1368, -0.5609, -0.4499, -0.4703, -0.1481, -0.4703],
        [-0.5609,  0.1368, -0.3407,  0.2639, -0.6413,  0.2639],
        [-0.1368, -0.5609,  0.2249,  0.7351,  0.0741, -0.2649],
        [-0.5609,  0.1368, -0.3407,  0.0466,  0.7391,  0.0466],
        [-0.1368, -0.5609,  0.2249, -0.2649,  0.0741,  0.7351]]),
    'input_data': tensor([[-0.9715,  0.3873,  0.8556, -0.9715,  0.3873,  0.8556, -0.9715,  0.3873,
          0.8556, -0.9715,  0.3873,  0.8556, -0.9715,  0.3873,  0.8556, -0.9715,
          0.3873,  0.8556],
        [-0.2369,  0.9219,  0.5177, -0.2369,  0.9219,  0.5177, -0.2369,  0.9219,
          0.5177, -0.2369,  0.9219,  0.5177, -0.2369,  0.9219,  0.5177, -0.2369,
          0.9219,  0.5177],
        [-0.9715,  0.3873,  0.8556, -0.9715,  0.3873,  0.8556, -0.9715,  0.3873,
          0.8556, -0.9715,  0.3873,  0.8556, -0.9715,  0.3873,  0.8556, -0.9715,
          0.3873,  0.8556],
        [-0.2369,  0.9219,  0.5177, -0.2369,  0.9219,  0.5177, -0.2369,  0.9219,
          0.5177, -0.2369,  0.9219,  0.5177, -0.2369,  0.9219,  0.5177, -0.2369,
          0.9219,  0.5177],
        [-0.9715,  0.3873,  0.8556, -0.9715,  0.3873,  0.8556, -0.9715,  0.3873,
          0.8556, -0.9715,  0.3873,  0.8556, -0.9715,  0.3873,  0.8556, -0.9715,
          0.3873,  0.8556],
        [-0.2369,  0.9219,  0.5177, -0.2369,  0.9219,  0.5177, -0.2369,  0.9219,
          0.5177, -0.2369,  0.9219,  0.5177, -0.2369,  0.9219,  0.5177, -0.2369,
          0.9219,  0.5177]]),
    'result': tensor([[-0.5609,  0.1368,  0.6814, -0.3105, -0.0978, -0.3105],
        [-0.1368, -0.5609, -0.4499, -0.4703, -0.1481, -0.4703],
        [-0.5609,  0.1368, -0.3407,  0.2639, -0.6413,  0.2639],
        [-0.1368, -0.5609,  0.2249,  0.7351,  0.0741, -0.2649],
        [-0.5609,  0.1368, -0.3407,  0.0466,  0.7391,  0.0466],
        [-0.1368, -0.5609,  0.2249, -0.2649,  0.0741,  0.7351]])}
GPU:
{   'PassLogTorchIntermediateTempVar1_input_data': tensor([[-1.6977,  0.6374,  0.0781],
        [-0.4140,  1.5172,  0.0473]], device='cuda:0'),
    'PassLogTorchIntermediateTempVar2_input_data': tensor([[-0.9715,  0.3873,  0.8556],
        [-0.2369,  0.9219,  0.5177]], device='cuda:0'),
    'PassLogTorchIntermediateTempVar3_input_data': tensor([[-0.9715,  0.3873,  0.8556, -0.9715,  0.3873,  0.8556, -0.9715,  0.3873,
          0.8556, -0.9715,  0.3873,  0.8556, -0.9715,  0.3873,  0.8556, -0.9715,
          0.3873,  0.8556],
        [-0.2369,  0.9219,  0.5177, -0.2369,  0.9219,  0.5177, -0.2369,  0.9219,
          0.5177, -0.2369,  0.9219,  0.5177, -0.2369,  0.9219,  0.5177, -0.2369,
          0.9219,  0.5177],
        [-0.9715,  0.3873,  0.8556, -0.9715,  0.3873,  0.8556, -0.9715,  0.3873,
          0.8556, -0.9715,  0.3873,  0.8556, -0.9715,  0.3873,  0.8556, -0.9715,
          0.3873,  0.8556],
        [-0.2369,  0.9219,  0.5177, -0.2369,  0.9219,  0.5177, -0.2369,  0.9219,
          0.5177, -0.2369,  0.9219,  0.5177, -0.2369,  0.9219,  0.5177, -0.2369,
          0.9219,  0.5177],
        [-0.9715,  0.3873,  0.8556, -0.9715,  0.3873,  0.8556, -0.9715,  0.3873,
          0.8556, -0.9715,  0.3873,  0.8556, -0.9715,  0.3873,  0.8556, -0.9715,
          0.3873,  0.8556],
        [-0.2369,  0.9219,  0.5177, -0.2369,  0.9219,  0.5177, -0.2369,  0.9219,
          0.5177, -0.2369,  0.9219,  0.5177, -0.2369,  0.9219,  0.5177, -0.2369,
          0.9219,  0.5177]], device='cuda:0'),
    'PassLogTorchIntermediateTempVar5_result': tensor([[-5.6091e-01,  1.3679e-01,  7.4755e-01,  3.2839e-01, -3.9992e-08,
          2.6837e-08],
        [-1.3679e-01, -5.6091e-01, -3.2839e-01,  7.4755e-01,  8.3298e-08,
          6.8971e-08],
        [-5.6091e-01,  1.3679e-01, -3.7377e-01, -1.6420e-01,  6.1382e-01,
         -3.5104e-01],
        [-1.3679e-01, -5.6091e-01,  1.6420e-01, -3.7377e-01, -3.5104e-01,
         -6.1382e-01],
        [-5.6091e-01,  1.3679e-01, -3.7377e-01, -1.6420e-01, -6.1382e-01,
          3.5104e-01],
        [-1.3679e-01, -5.6091e-01,  1.6420e-01, -3.7377e-01,  3.5104e-01,
          6.1382e-01]], device='cuda:0'),
    'input_data': tensor([[-0.9715,  0.3873,  0.8556, -0.9715,  0.3873,  0.8556, -0.9715,  0.3873,
          0.8556, -0.9715,  0.3873,  0.8556, -0.9715,  0.3873,  0.8556, -0.9715,
          0.3873,  0.8556],
        [-0.2369,  0.9219,  0.5177, -0.2369,  0.9219,  0.5177, -0.2369,  0.9219,
          0.5177, -0.2369,  0.9219,  0.5177, -0.2369,  0.9219,  0.5177, -0.2369,
          0.9219,  0.5177],
        [-0.9715,  0.3873,  0.8556, -0.9715,  0.3873,  0.8556, -0.9715,  0.3873,
          0.8556, -0.9715,  0.3873,  0.8556, -0.9715,  0.3873,  0.8556, -0.9715,
          0.3873,  0.8556],
        [-0.2369,  0.9219,  0.5177, -0.2369,  0.9219,  0.5177, -0.2369,  0.9219,
          0.5177, -0.2369,  0.9219,  0.5177, -0.2369,  0.9219,  0.5177, -0.2369,
          0.9219,  0.5177],
        [-0.9715,  0.3873,  0.8556, -0.9715,  0.3873,  0.8556, -0.9715,  0.3873,
          0.8556, -0.9715,  0.3873,  0.8556, -0.9715,  0.3873,  0.8556, -0.9715,
          0.3873,  0.8556],
        [-0.2369,  0.9219,  0.5177, -0.2369,  0.9219,  0.5177, -0.2369,  0.9219,
          0.5177, -0.2369,  0.9219,  0.5177, -0.2369,  0.9219,  0.5177, -0.2369,
          0.9219,  0.5177]], device='cuda:0'),
    'result': tensor([[-5.6091e-01,  1.3679e-01,  7.4755e-01,  3.2839e-01, -3.9992e-08,
          2.6837e-08],
        [-1.3679e-01, -5.6091e-01, -3.2839e-01,  7.4755e-01,  8.3298e-08,
          6.8971e-08],
        [-5.6091e-01,  1.3679e-01, -3.7377e-01, -1.6420e-01,  6.1382e-01,
         -3.5104e-01],
        [-1.3679e-01, -5.6091e-01,  1.6420e-01, -3.7377e-01, -3.5104e-01,
         -6.1382e-01],
        [-5.6091e-01,  1.3679e-01, -3.7377e-01, -1.6420e-01, -6.1382e-01,
          3.5104e-01],
        [-1.3679e-01, -5.6091e-01,  1.6420e-01, -3.7377e-01,  3.5104e-01,
          6.1382e-01]], device='cuda:0')}
