WARNING: All log messages before absl::InitializeLog() is called are written to STDERR
I0000 00:00:1781439453.021816 1006682 port.cc:153] oneDNN custom operations are on. You may see slightly different numerical results due to floating-point round-off errors from different computation orders. To turn them off, set the environment variable `TF_ENABLE_ONEDNN_OPTS=0`.
I0000 00:00:1781439453.059945 1006682 cpu_feature_guard.cc:227] This TensorFlow binary is optimized to use available CPU instructions in performance-critical operations.
To enable the following instructions: AVX2 AVX512F AVX512_VNNI AVX512_BF16 FMA, in other operations, rebuild TensorFlow with the appropriate compiler flags.
WARNING: All log messages before absl::InitializeLog() is called are written to STDERR
I0000 00:00:1781439454.033045 1006682 port.cc:153] oneDNN custom operations are on. You may see slightly different numerical results due to floating-point round-off errors from different computation orders. To turn them off, set the environment variable `TF_ENABLE_ONEDNN_OPTS=0`.
:17: UserWarning: torch.qr is deprecated in favor of torch.linalg.qr and will be removed in a future PyTorch release.
The boolean parameter 'some' has been replaced with a string parameter 'mode'.
Q, R = torch.qr(A, some)
should be replaced with
Q, R = torch.linalg.qr(A, 'reduced' if some else 'complete') (Triggered internally at /pytorch/aten/src/ATen/native/BatchLinearAlgebra.cpp:2491.)

FrameworkSingle DuelFinished 420 Problem since line 5
Last lines before problem: 
2 > input_data = torch.randn(128, 64)
3 > input_data = torch.nn.functional.normalize(input_data, dim=0)
4 > input_data = input_data.repeat(3, 6)
5 > result = torch.qr(torch.matmul(input_data, input_data.t()))[0]
VarInconsistentCatch 
diff:['result', 'PassLogTorchIntermediateTempVar7_result']
CPU:
{   'PassFlattenCallTempVar1': tensor([[-0.0007,  0.0112, -0.0152,  ...,  0.1316,  0.0166, -0.0193],
        [ 0.0388, -0.0513, -0.0535,  ..., -0.1039, -0.2267,  0.0922],
        [ 0.0599,  0.0536,  0.0643,  ...,  0.0350, -0.0909, -0.0070],
        ...,
        [ 0.0057,  0.0033, -0.1559,  ..., -0.0315, -0.0020,  0.0908],
        [-0.0539, -0.0032,  0.0551,  ...,  0.0124, -0.0270,  0.0541],
        [-0.2288,  0.0198, -0.0458,  ...,  0.1438,  0.0408,  0.1717]]),
    'PassFlattenCallTempVar2': tensor([[ 3.1828e+00,  3.4999e-01,  6.1708e-02,  ..., -5.8811e-01,
         -5.0696e-04, -3.8050e-01],
        [ 3.4999e-01,  2.5867e+00,  1.4947e-01,  ...,  1.1762e-01,
         -5.2946e-01, -2.9942e-01],
        [ 6.1708e-02,  1.4947e-01,  2.9925e+00,  ..., -3.6866e-01,
          3.0074e-01,  4.1819e-02],
        ...,
        [-5.8811e-01,  1.1762e-01, -3.6866e-01,  ...,  3.5836e+00,
          2.0924e-01, -7.5623e-01],
        [-5.0696e-04, -5.2946e-01,  3.0074e-01,  ...,  2.0924e-01,
          2.5308e+00,  4.7503e-01],
        [-3.8050e-01, -2.9942e-01,  4.1819e-02,  ..., -7.5623e-01,
          4.7503e-01,  3.4946e+00]]),
    'PassLogTorchIntermediateTempVar1_input_data': tensor([[-0.0070,  0.5044,  0.6704,  ...,  0.0683, -0.5458, -2.4354],
        [ 0.1148, -0.6670,  0.6006,  ...,  0.0394, -0.0319,  0.2107],
        [-0.1561, -0.6953,  0.7203,  ..., -1.8561,  0.5581, -0.4879],
        ...,
        [ 1.3485, -1.3512,  0.3916,  ..., -0.3752,  0.1259,  1.5306],
        [ 0.1697, -2.9473, -1.0183,  ..., -0.0233, -0.2730,  0.4346],
        [-0.1974,  1.1985, -0.0783,  ...,  1.0809,  0.5481,  1.8275]]),
    'PassLogTorchIntermediateTempVar2_input_data': tensor([[-0.0007,  0.0388,  0.0599,  ...,  0.0057, -0.0539, -0.2288],
        [ 0.0112, -0.0513,  0.0536,  ...,  0.0033, -0.0032,  0.0198],
        [-0.0152, -0.0535,  0.0643,  ..., -0.1559,  0.0551, -0.0458],
        ...,
        [ 0.1316, -0.1039,  0.0350,  ..., -0.0315,  0.0124,  0.1438],
        [ 0.0166, -0.2267, -0.0909,  ..., -0.0020, -0.0270,  0.0408],
        [-0.0193,  0.0922, -0.0070,  ...,  0.0908,  0.0541,  0.1717]]),
    'PassLogTorchIntermediateTempVar3_input_data': tensor([[-0.0007,  0.0388,  0.0599,  ...,  0.0057, -0.0539, -0.2288],
        [ 0.0112, -0.0513,  0.0536,  ...,  0.0033, -0.0032,  0.0198],
        [-0.0152, -0.0535,  0.0643,  ..., -0.1559,  0.0551, -0.0458],
        ...,
        [ 0.1316, -0.1039,  0.0350,  ..., -0.0315,  0.0124,  0.1438],
        [ 0.0166, -0.2267, -0.0909,  ..., -0.0020, -0.0270,  0.0408],
        [-0.0193,  0.0922, -0.0070,  ...,  0.0908,  0.0541,  0.1717]]),
    'PassLogTorchIntermediateTempVar4_PassFlattenCallTempVar1': tensor([[-0.0007,  0.0112, -0.0152,  ...,  0.1316,  0.0166, -0.0193],
        [ 0.0388, -0.0513, -0.0535,  ..., -0.1039, -0.2267,  0.0922],
        [ 0.0599,  0.0536,  0.0643,  ...,  0.0350, -0.0909, -0.0070],
        ...,
        [ 0.0057,  0.0033, -0.1559,  ..., -0.0315, -0.0020,  0.0908],
        [-0.0539, -0.0032,  0.0551,  ...,  0.0124, -0.0270,  0.0541],
        [-0.2288,  0.0198, -0.0458,  ...,  0.1438,  0.0408,  0.1717]]),
    'PassLogTorchIntermediateTempVar5_PassFlattenCallTempVar2': tensor([[ 3.1828e+00,  3.4999e-01,  6.1708e-02,  ..., -5.8811e-01,
         -5.0696e-04, -3.8050e-01],
        [ 3.4999e-01,  2.5867e+00,  1.4947e-01,  ...,  1.1762e-01,
         -5.2946e-01, -2.9942e-01],
        [ 6.1708e-02,  1.4947e-01,  2.9925e+00,  ..., -3.6866e-01,
          3.0074e-01,  4.1819e-02],
        ...,
        [-5.8811e-01,  1.1762e-01, -3.6866e-01,  ...,  3.5836e+00,
          2.0924e-01, -7.5623e-01],
        [-5.0696e-04, -5.2946e-01,  3.0074e-01,  ...,  2.0924e-01,
          2.5308e+00,  4.7503e-01],
        [-3.8050e-01, -2.9942e-01,  4.1819e-02,  ..., -7.5623e-01,
          4.7503e-01,  3.4946e+00]]),
    'PassLogTorchIntermediateTempVar7_result': tensor([[-3.2277e-01, -4.4706e-02, -1.4765e-02,  ...,  7.3607e-09,
          4.1181e-09, -8.1791e-09],
        [-3.5492e-02, -3.4303e-01,  4.1304e-03,  ..., -1.8412e-08,
         -2.3049e-08, -1.1367e-09],
        [-6.2578e-03, -1.9799e-02, -3.5161e-01,  ...,  1.7575e-08,
         -2.8658e-09, -1.9693e-09],
        ...,
        [ 5.9640e-02, -1.5927e-02,  4.6453e-02,  ..., -4.5798e-01,
         -7.9512e-02, -2.3692e-01],
        [ 5.1411e-05,  7.0251e-02, -4.0137e-02,  ...,  3.7755e-01,
         -2.7520e-01, -5.2066e-01],
        [ 3.8587e-02,  3.9522e-02, -6.3154e-03,  ..., -7.0309e-02,
         -6.2521e-01,  2.8580e-01]]),
    'input_data': tensor([[-0.0007,  0.0388,  0.0599,  ...,  0.0057, -0.0539, -0.2288],
        [ 0.0112, -0.0513,  0.0536,  ...,  0.0033, -0.0032,  0.0198],
        [-0.0152, -0.0535,  0.0643,  ..., -0.1559,  0.0551, -0.0458],
        ...,
        [ 0.1316, -0.1039,  0.0350,  ..., -0.0315,  0.0124,  0.1438],
        [ 0.0166, -0.2267, -0.0909,  ..., -0.0020, -0.0270,  0.0408],
        [-0.0193,  0.0922, -0.0070,  ...,  0.0908,  0.0541,  0.1717]]),
    'result': tensor([[-3.2277e-01, -4.4706e-02, -1.4765e-02,  ...,  7.3607e-09,
          4.1181e-09, -8.1791e-09],
        [-3.5492e-02, -3.4303e-01,  4.1304e-03,  ..., -1.8412e-08,
         -2.3049e-08, -1.1367e-09],
        [-6.2578e-03, -1.9799e-02, -3.5161e-01,  ...,  1.7575e-08,
         -2.8658e-09, -1.9693e-09],
        ...,
        [ 5.9640e-02, -1.5927e-02,  4.6453e-02,  ..., -4.5798e-01,
         -7.9512e-02, -2.3692e-01],
        [ 5.1411e-05,  7.0251e-02, -4.0137e-02,  ...,  3.7755e-01,
         -2.7520e-01, -5.2066e-01],
        [ 3.8587e-02,  3.9522e-02, -6.3154e-03,  ..., -7.0309e-02,
         -6.2521e-01,  2.8580e-01]])}
GPU:
{   'PassFlattenCallTempVar1': tensor([[-0.0007,  0.0112, -0.0152,  ...,  0.1316,  0.0166, -0.0193],
        [ 0.0388, -0.0513, -0.0535,  ..., -0.1039, -0.2267,  0.0922],
        [ 0.0599,  0.0536,  0.0643,  ...,  0.0350, -0.0909, -0.0070],
        ...,
        [ 0.0057,  0.0033, -0.1559,  ..., -0.0315, -0.0020,  0.0908],
        [-0.0539, -0.0032,  0.0551,  ...,  0.0124, -0.0270,  0.0541],
        [-0.2288,  0.0198, -0.0458,  ...,  0.1438,  0.0408,  0.1717]],
       device='cuda:0'),
    'PassFlattenCallTempVar2': tensor([[ 3.1828e+00,  3.4999e-01,  6.1708e-02,  ..., -5.8811e-01,
         -5.0697e-04, -3.8050e-01],
        [ 3.4999e-01,  2.5867e+00,  1.4947e-01,  ...,  1.1762e-01,
         -5.2946e-01, -2.9942e-01],
        [ 6.1708e-02,  1.4947e-01,  2.9925e+00,  ..., -3.6866e-01,
          3.0074e-01,  4.1819e-02],
        ...,
        [-5.8811e-01,  1.1762e-01, -3.6866e-01,  ...,  3.5836e+00,
          2.0924e-01, -7.5623e-01],
        [-5.0697e-04, -5.2946e-01,  3.0074e-01,  ...,  2.0924e-01,
          2.5308e+00,  4.7502e-01],
        [-3.8050e-01, -2.9942e-01,  4.1819e-02,  ..., -7.5623e-01,
          4.7502e-01,  3.4946e+00]], device='cuda:0'),
    'PassLogTorchIntermediateTempVar1_input_data': tensor([[-0.0070,  0.5044,  0.6704,  ...,  0.0683, -0.5458, -2.4354],
        [ 0.1148, -0.6670,  0.6006,  ...,  0.0394, -0.0319,  0.2107],
        [-0.1561, -0.6953,  0.7203,  ..., -1.8561,  0.5581, -0.4879],
        ...,
        [ 1.3485, -1.3512,  0.3916,  ..., -0.3752,  0.1259,  1.5306],
        [ 0.1697, -2.9473, -1.0183,  ..., -0.0233, -0.2730,  0.4346],
        [-0.1974,  1.1985, -0.0783,  ...,  1.0809,  0.5481,  1.8275]],
       device='cuda:0'),
    'PassLogTorchIntermediateTempVar2_input_data': tensor([[-0.0007,  0.0388,  0.0599,  ...,  0.0057, -0.0539, -0.2288],
        [ 0.0112, -0.0513,  0.0536,  ...,  0.0033, -0.0032,  0.0198],
        [-0.0152, -0.0535,  0.0643,  ..., -0.1559,  0.0551, -0.0458],
        ...,
        [ 0.1316, -0.1039,  0.0350,  ..., -0.0315,  0.0124,  0.1438],
        [ 0.0166, -0.2267, -0.0909,  ..., -0.0020, -0.0270,  0.0408],
        [-0.0193,  0.0922, -0.0070,  ...,  0.0908,  0.0541,  0.1717]],
       device='cuda:0'),
    'PassLogTorchIntermediateTempVar3_input_data': tensor([[-0.0007,  0.0388,  0.0599,  ...,  0.0057, -0.0539, -0.2288],
        [ 0.0112, -0.0513,  0.0536,  ...,  0.0033, -0.0032,  0.0198],
        [-0.0152, -0.0535,  0.0643,  ..., -0.1559,  0.0551, -0.0458],
        ...,
        [ 0.1316, -0.1039,  0.0350,  ..., -0.0315,  0.0124,  0.1438],
        [ 0.0166, -0.2267, -0.0909,  ..., -0.0020, -0.0270,  0.0408],
        [-0.0193,  0.0922, -0.0070,  ...,  0.0908,  0.0541,  0.1717]],
       device='cuda:0'),
    'PassLogTorchIntermediateTempVar4_PassFlattenCallTempVar1': tensor([[-0.0007,  0.0112, -0.0152,  ...,  0.1316,  0.0166, -0.0193],
        [ 0.0388, -0.0513, -0.0535,  ..., -0.1039, -0.2267,  0.0922],
        [ 0.0599,  0.0536,  0.0643,  ...,  0.0350, -0.0909, -0.0070],
        ...,
        [ 0.0057,  0.0033, -0.1559,  ..., -0.0315, -0.0020,  0.0908],
        [-0.0539, -0.0032,  0.0551,  ...,  0.0124, -0.0270,  0.0541],
        [-0.2288,  0.0198, -0.0458,  ...,  0.1438,  0.0408,  0.1717]],
       device='cuda:0'),
    'PassLogTorchIntermediateTempVar5_PassFlattenCallTempVar2': tensor([[ 3.1828e+00,  3.4999e-01,  6.1708e-02,  ..., -5.8811e-01,
         -5.0697e-04, -3.8050e-01],
        [ 3.4999e-01,  2.5867e+00,  1.4947e-01,  ...,  1.1762e-01,
         -5.2946e-01, -2.9942e-01],
        [ 6.1708e-02,  1.4947e-01,  2.9925e+00,  ..., -3.6866e-01,
          3.0074e-01,  4.1819e-02],
        ...,
        [-5.8811e-01,  1.1762e-01, -3.6866e-01,  ...,  3.5836e+00,
          2.0924e-01, -7.5623e-01],
        [-5.0697e-04, -5.2946e-01,  3.0074e-01,  ...,  2.0924e-01,
          2.5308e+00,  4.7502e-01],
        [-3.8050e-01, -2.9942e-01,  4.1819e-02,  ..., -7.5623e-01,
          4.7502e-01,  3.4946e+00]], device='cuda:0'),
    'PassLogTorchIntermediateTempVar7_result': tensor([[-3.2277e-01, -4.4706e-02, -1.4765e-02,  ..., -3.9673e-09,
         -7.1018e-09,  7.4072e-10],
        [-3.5492e-02, -3.4303e-01,  4.1305e-03,  ...,  2.7248e-08,
         -3.3994e-09,  5.2442e-09],
        [-6.2579e-03, -1.9799e-02, -3.5161e-01,  ...,  2.0795e-08,
         -5.5393e-09,  6.0389e-09],
        ...,
        [ 5.9640e-02, -1.5927e-02,  4.6453e-02,  ..., -7.0711e-01,
          1.8168e-07, -3.1376e-07],
        [ 5.1412e-05,  7.0251e-02, -4.0137e-02,  ..., -1.2455e-07,
         -7.0711e-01, -7.6751e-08],
        [ 3.8587e-02,  3.9522e-02, -6.3154e-03,  ..., -2.4121e-07,
         -5.9559e-08,  7.0711e-01]], device='cuda:0'),
    'input_data': tensor([[-0.0007,  0.0388,  0.0599,  ...,  0.0057, -0.0539, -0.2288],
        [ 0.0112, -0.0513,  0.0536,  ...,  0.0033, -0.0032,  0.0198],
        [-0.0152, -0.0535,  0.0643,  ..., -0.1559,  0.0551, -0.0458],
        ...,
        [ 0.1316, -0.1039,  0.0350,  ..., -0.0315,  0.0124,  0.1438],
        [ 0.0166, -0.2267, -0.0909,  ..., -0.0020, -0.0270,  0.0408],
        [-0.0193,  0.0922, -0.0070,  ...,  0.0908,  0.0541,  0.1717]],
       device='cuda:0'),
    'result': tensor([[-3.2277e-01, -4.4706e-02, -1.4765e-02,  ..., -3.9673e-09,
         -7.1018e-09,  7.4072e-10],
        [-3.5492e-02, -3.4303e-01,  4.1305e-03,  ...,  2.7248e-08,
         -3.3994e-09,  5.2442e-09],
        [-6.2579e-03, -1.9799e-02, -3.5161e-01,  ...,  2.0795e-08,
         -5.5393e-09,  6.0389e-09],
        ...,
        [ 5.9640e-02, -1.5927e-02,  4.6453e-02,  ..., -7.0711e-01,
          1.8168e-07, -3.1376e-07],
        [ 5.1412e-05,  7.0251e-02, -4.0137e-02,  ..., -1.2455e-07,
         -7.0711e-01, -7.6751e-08],
        [ 3.8587e-02,  3.9522e-02, -6.3154e-03,  ..., -2.4121e-07,
         -5.9559e-08,  7.0711e-01]], device='cuda:0')}
