WARNING: All log messages before absl::InitializeLog() is called are written to STDERR
I0000 00:00:1781439410.991064 1003036 port.cc:153] oneDNN custom operations are on. You may see slightly different numerical results due to floating-point round-off errors from different computation orders. To turn them off, set the environment variable `TF_ENABLE_ONEDNN_OPTS=0`.
I0000 00:00:1781439411.029711 1003036 cpu_feature_guard.cc:227] This TensorFlow binary is optimized to use available CPU instructions in performance-critical operations.
To enable the following instructions: AVX2 AVX512F AVX512_VNNI AVX512_BF16 FMA, in other operations, rebuild TensorFlow with the appropriate compiler flags.
WARNING: All log messages before absl::InitializeLog() is called are written to STDERR
I0000 00:00:1781439411.997063 1003036 port.cc:153] oneDNN custom operations are on. You may see slightly different numerical results due to floating-point round-off errors from different computation orders. To turn them off, set the environment variable `TF_ENABLE_ONEDNN_OPTS=0`.
:9: UserWarning: The torch.cuda.*DtypeTensor constructors are no longer recommended. It's best to use methods such as torch.tensor(data, dtype=*, device='cuda') to create tensors. (Triggered internally at /pytorch/torch/csrc/tensor/python_tensor.cpp:78.)
:20: UserWarning: torch.qr is deprecated in favor of torch.linalg.qr and will be removed in a future PyTorch release.
The boolean parameter 'some' has been replaced with a string parameter 'mode'.
Q, R = torch.qr(A, some)
should be replaced with
Q, R = torch.linalg.qr(A, 'reduced' if some else 'complete') (Triggered internally at /pytorch/aten/src/ATen/native/BatchLinearAlgebra.cpp:2491.)

FrameworkSingle DuelFinished 420 Problem since line 6
Last lines before problem: 
3 > input_data = torch.nn.functional.normalize(input_data, dim=0)
4 > input_data = input_data.repeat(3, 6)
5 > result = torch.qr(torch.mm(input_data, input_data.t()))
6 > result = result[0]
VarInconsistentCatch 
diff:['result', 'PassLogTorchIntermediateTempVar8_result']
CPU:
{   'PassFlattenCallTempVar1': array([[-0.36870817, -0.09393865, -0.46603547, -0.78214364],
       [ 0.73633296,  0.25945704, -0.29496258, -0.8649248 ],
       [ 0.25270118,  0.19732172, -0.8155655 , -0.8862969 ]]),
    'PassFlattenCallTempVar2': tensor([[-0.4280,  0.8548,  0.2934, -0.4280,  0.8548,  0.2934, -0.4280,  0.8548,
          0.2934],
        [-0.2769,  0.7648,  0.5817, -0.2769,  0.7648,  0.5817, -0.2769,  0.7648,
          0.5817],
        [-0.4733, -0.2996, -0.8284, -0.4733, -0.2996, -0.8284, -0.4733, -0.2996,
         -0.8284],
        [-0.5340, -0.5905, -0.6051, -0.5340, -0.5905, -0.6051, -0.5340, -0.5905,
         -0.6051],
        [-0.4280,  0.8548,  0.2934, -0.4280,  0.8548,  0.2934, -0.4280,  0.8548,
          0.2934],
        [-0.2769,  0.7648,  0.5817, -0.2769,  0.7648,  0.5817, -0.2769,  0.7648,
          0.5817],
        [-0.4733, -0.2996, -0.8284, -0.4733, -0.2996, -0.8284, -0.4733, -0.2996,
         -0.8284],
        [-0.5340, -0.5905, -0.6051, -0.5340, -0.5905, -0.6051, -0.5340, -0.5905,
         -0.6051],
        [-0.4280,  0.8548,  0.2934, -0.4280,  0.8548,  0.2934, -0.4280,  0.8548,
          0.2934],
        [-0.2769,  0.7648,  0.5817, -0.2769,  0.7648,  0.5817, -0.2769,  0.7648,
          0.5817],
        [-0.4733, -0.2996, -0.8284, -0.4733, -0.2996, -0.8284, -0.4733, -0.2996,
         -0.8284],
        [-0.5340, -0.5905, -0.6051, -0.5340, -0.5905, -0.6051, -0.5340, -0.5905,
         -0.6051],
        [-0.4280,  0.8548,  0.2934, -0.4280,  0.8548,  0.2934, -0.4280,  0.8548,
          0.2934],
        [-0.2769,  0.7648,  0.5817, -0.2769,  0.7648,  0.5817, -0.2769,  0.7648,
          0.5817],
        [-0.4733, -0.2996, -0.8284, -0.4733, -0.2996, -0.8284, -0.4733, -0.2996,
         -0.8284],
        [-0.5340, -0.5905, -0.6051, -0.5340, -0.5905, -0.6051, -0.5340, -0.5905,
         -0.6051],
        [-0.4280,  0.8548,  0.2934, -0.4280,  0.8548,  0.2934, -0.4280,  0.8548,
          0.2934],
        [-0.2769,  0.7648,  0.5817, -0.2769,  0.7648,  0.5817, -0.2769,  0.7648,
          0.5817],
        [-0.4733, -0.2996, -0.8284, -0.4733, -0.2996, -0.8284, -0.4733, -0.2996,
         -0.8284],
        [-0.5340, -0.5905, -0.6051, -0.5340, -0.5905, -0.6051, -0.5340, -0.5905,
         -0.6051],
        [-0.4280,  0.8548,  0.2934, -0.4280,  0.8548,  0.2934, -0.4280,  0.8548,
          0.2934],
        [-0.2769,  0.7648,  0.5817, -0.2769,  0.7648,  0.5817, -0.2769,  0.7648,
          0.5817],
        [-0.4733, -0.2996, -0.8284, -0.4733, -0.2996, -0.8284, -0.4733, -0.2996,
         -0.8284],
        [-0.5340, -0.5905, -0.6051, -0.5340, -0.5905, -0.6051, -0.5340, -0.5905,
         -0.6051]]),
    'PassFlattenCallTempVar3': tensor([[ 4.6146, -0.7233,  2.5715,  4.6146, -0.7233,  2.5715,  4.6146, -0.7233,
          2.5715],
        [-0.7233, 10.5249,  7.8069, -0.7233, 10.5249,  7.8069, -0.7233, 10.5249,
          7.8069],
        [ 2.5715,  7.8069,  8.8604,  2.5715,  7.8069,  8.8604,  2.5715,  7.8069,
          8.8604],
        [ 4.6146, -0.7233,  2.5715,  4.6146, -0.7233,  2.5715,  4.6146, -0.7233,
          2.5715],
        [-0.7233, 10.5249,  7.8069, -0.7233, 10.5249,  7.8069, -0.7233, 10.5249,
          7.8069],
        [ 2.5715,  7.8069,  8.8604,  2.5715,  7.8069,  8.8604,  2.5715,  7.8069,
          8.8604],
        [ 4.6146, -0.7233,  2.5715,  4.6146, -0.7233,  2.5715,  4.6146, -0.7233,
          2.5715],
        [-0.7233, 10.5249,  7.8069, -0.7233, 10.5249,  7.8069, -0.7233, 10.5249,
          7.8069],
        [ 2.5715,  7.8069,  8.8604,  2.5715,  7.8069,  8.8604,  2.5715,  7.8069,
          8.8604]]),
    'PassLogTorchIntermediateTempVar2_input_data': tensor([[-0.3687, -0.0939, -0.4660, -0.7821],
        [ 0.7363,  0.2595, -0.2950, -0.8649],
        [ 0.2527,  0.1973, -0.8156, -0.8863]]),
    'PassLogTorchIntermediateTempVar3_input_data': tensor([[-0.4280, -0.2769, -0.4733, -0.5340],
        [ 0.8548,  0.7648, -0.2996, -0.5905],
        [ 0.2934,  0.5817, -0.8284, -0.6051]]),
    'PassLogTorchIntermediateTempVar4_input_data': tensor([[-0.4280, -0.2769, -0.4733, -0.5340, -0.4280, -0.2769, -0.4733, -0.5340,
         -0.4280, -0.2769, -0.4733, -0.5340, -0.4280, -0.2769, -0.4733, -0.5340,
         -0.4280, -0.2769, -0.4733, -0.5340, -0.4280, -0.2769, -0.4733, -0.5340],
        [ 0.8548,  0.7648, -0.2996, -0.5905,  0.8548,  0.7648, -0.2996, -0.5905,
          0.8548,  0.7648, -0.2996, -0.5905,  0.8548,  0.7648, -0.2996, -0.5905,
          0.8548,  0.7648, -0.2996, -0.5905,  0.8548,  0.7648, -0.2996, -0.5905],
        [ 0.2934,  0.5817, -0.8284, -0.6051,  0.2934,  0.5817, -0.8284, -0.6051,
          0.2934,  0.5817, -0.8284, -0.6051,  0.2934,  0.5817, -0.8284, -0.6051,
          0.2934,  0.5817, -0.8284, -0.6051,  0.2934,  0.5817, -0.8284, -0.6051],
        [-0.4280, -0.2769, -0.4733, -0.5340, -0.4280, -0.2769, -0.4733, -0.5340,
         -0.4280, -0.2769, -0.4733, -0.5340, -0.4280, -0.2769, -0.4733, -0.5340,
         -0.4280, -0.2769, -0.4733, -0.5340, -0.4280, -0.2769, -0.4733, -0.5340],
        [ 0.8548,  0.7648, -0.2996, -0.5905,  0.8548,  0.7648, -0.2996, -0.5905,
          0.8548,  0.7648, -0.2996, -0.5905,  0.8548,  0.7648, -0.2996, -0.5905,
          0.8548,  0.7648, -0.2996, -0.5905,  0.8548,  0.7648, -0.2996, -0.5905],
        [ 0.2934,  0.5817, -0.8284, -0.6051,  0.2934,  0.5817, -0.8284, -0.6051,
          0.2934,  0.5817, -0.8284, -0.6051,  0.2934,  0.5817, -0.8284, -0.6051,
          0.2934,  0.5817, -0.8284, -0.6051,  0.2934,  0.5817, -0.8284, -0.6051],
        [-0.4280, -0.2769, -0.4733, -0.5340, -0.4280, -0.2769, -0.4733, -0.5340,
         -0.4280, -0.2769, -0.4733, -0.5340, -0.4280, -0.2769, -0.4733, -0.5340,
         -0.4280, -0.2769, -0.4733, -0.5340, -0.4280, -0.2769, -0.4733, -0.5340],
        [ 0.8548,  0.7648, -0.2996, -0.5905,  0.8548,  0.7648, -0.2996, -0.5905,
          0.8548,  0.7648, -0.2996, -0.5905,  0.8548,  0.7648, -0.2996, -0.5905,
          0.8548,  0.7648, -0.2996, -0.5905,  0.8548,  0.7648, -0.2996, -0.5905],
        [ 0.2934,  0.5817, -0.8284, -0.6051,  0.2934,  0.5817, -0.8284, -0.6051,
          0.2934,  0.5817, -0.8284, -0.6051,  0.2934,  0.5817, -0.8284, -0.6051,
          0.2934,  0.5817, -0.8284, -0.6051,  0.2934,  0.5817, -0.8284, -0.6051]]),
    'PassLogTorchIntermediateTempVar5_PassFlattenCallTempVar2': tensor([[-0.4280,  0.8548,  0.2934, -0.4280,  0.8548,  0.2934, -0.4280,  0.8548,
          0.2934],
        [-0.2769,  0.7648,  0.5817, -0.2769,  0.7648,  0.5817, -0.2769,  0.7648,
          0.5817],
        [-0.4733, -0.2996, -0.8284, -0.4733, -0.2996, -0.8284, -0.4733, -0.2996,
         -0.8284],
        [-0.5340, -0.5905, -0.6051, -0.5340, -0.5905, -0.6051, -0.5340, -0.5905,
         -0.6051],
        [-0.4280,  0.8548,  0.2934, -0.4280,  0.8548,  0.2934, -0.4280,  0.8548,
          0.2934],
        [-0.2769,  0.7648,  0.5817, -0.2769,  0.7648,  0.5817, -0.2769,  0.7648,
          0.5817],
        [-0.4733, -0.2996, -0.8284, -0.4733, -0.2996, -0.8284, -0.4733, -0.2996,
         -0.8284],
        [-0.5340, -0.5905, -0.6051, -0.5340, -0.5905, -0.6051, -0.5340, -0.5905,
         -0.6051],
        [-0.4280,  0.8548,  0.2934, -0.4280,  0.8548,  0.2934, -0.4280,  0.8548,
          0.2934],
        [-0.2769,  0.7648,  0.5817, -0.2769,  0.7648,  0.5817, -0.2769,  0.7648,
          0.5817],
        [-0.4733, -0.2996, -0.8284, -0.4733, -0.2996, -0.8284, -0.4733, -0.2996,
         -0.8284],
        [-0.5340, -0.5905, -0.6051, -0.5340, -0.5905, -0.6051, -0.5340, -0.5905,
         -0.6051],
        [-0.4280,  0.8548,  0.2934, -0.4280,  0.8548,  0.2934, -0.4280,  0.8548,
          0.2934],
        [-0.2769,  0.7648,  0.5817, -0.2769,  0.7648,  0.5817, -0.2769,  0.7648,
          0.5817],
        [-0.4733, -0.2996, -0.8284, -0.4733, -0.2996, -0.8284, -0.4733, -0.2996,
         -0.8284],
        [-0.5340, -0.5905, -0.6051, -0.5340, -0.5905, -0.6051, -0.5340, -0.5905,
         -0.6051],
        [-0.4280,  0.8548,  0.2934, -0.4280,  0.8548,  0.2934, -0.4280,  0.8548,
          0.2934],
        [-0.2769,  0.7648,  0.5817, -0.2769,  0.7648,  0.5817, -0.2769,  0.7648,
          0.5817],
        [-0.4733, -0.2996, -0.8284, -0.4733, -0.2996, -0.8284, -0.4733, -0.2996,
         -0.8284],
        [-0.5340, -0.5905, -0.6051, -0.5340, -0.5905, -0.6051, -0.5340, -0.5905,
         -0.6051],
        [-0.4280,  0.8548,  0.2934, -0.4280,  0.8548,  0.2934, -0.4280,  0.8548,
          0.2934],
        [-0.2769,  0.7648,  0.5817, -0.2769,  0.7648,  0.5817, -0.2769,  0.7648,
          0.5817],
        [-0.4733, -0.2996, -0.8284, -0.4733, -0.2996, -0.8284, -0.4733, -0.2996,
         -0.8284],
        [-0.5340, -0.5905, -0.6051, -0.5340, -0.5905, -0.6051, -0.5340, -0.5905,
         -0.6051]]),
    'PassLogTorchIntermediateTempVar6_PassFlattenCallTempVar3': tensor([[ 4.6146, -0.7233,  2.5715,  4.6146, -0.7233,  2.5715,  4.6146, -0.7233,
          2.5715],
        [-0.7233, 10.5249,  7.8069, -0.7233, 10.5249,  7.8069, -0.7233, 10.5249,
          7.8069],
        [ 2.5715,  7.8069,  8.8604,  2.5715,  7.8069,  8.8604,  2.5715,  7.8069,
          8.8604],
        [ 4.6146, -0.7233,  2.5715,  4.6146, -0.7233,  2.5715,  4.6146, -0.7233,
          2.5715],
        [-0.7233, 10.5249,  7.8069, -0.7233, 10.5249,  7.8069, -0.7233, 10.5249,
          7.8069],
        [ 2.5715,  7.8069,  8.8604,  2.5715,  7.8069,  8.8604,  2.5715,  7.8069,
          8.8604],
        [ 4.6146, -0.7233,  2.5715,  4.6146, -0.7233,  2.5715,  4.6146, -0.7233,
          2.5715],
        [-0.7233, 10.5249,  7.8069, -0.7233, 10.5249,  7.8069, -0.7233, 10.5249,
          7.8069],
        [ 2.5715,  7.8069,  8.8604,  2.5715,  7.8069,  8.8604,  2.5715,  7.8069,
          8.8604]]),
    'PassLogTorchIntermediateTempVar8_result': tensor([[-4.9967e-01,  9.7807e-02,  2.7220e-01,  8.1650e-01,  7.8063e-09,
         -1.1173e-08,  5.5867e-09,  2.7934e-09,  0.0000e+00],
        [ 7.8320e-02, -4.7729e-01,  3.1526e-01,  2.4959e-07,  8.1650e-01,
          5.8353e-10,  2.4504e-09,  5.7439e-08, -2.1937e-08],
        [-2.7844e-01, -3.0977e-01, -3.9981e-01, -1.1921e-07, -1.9227e-07,
         -5.7477e-01,  2.0371e-02,  4.9319e-02, -5.7746e-01],
        [-4.9967e-01,  9.7807e-02,  2.7221e-01, -4.0825e-01,  2.2984e-07,
         -3.1221e-02,  7.0422e-01, -4.7413e-03,  5.5514e-02],
        [ 7.8320e-02, -4.7729e-01,  3.1527e-01,  3.3528e-08, -4.0825e-01,
         -3.5407e-02, -4.3359e-03,  6.9981e-01,  9.4857e-02],
        [-2.7844e-01, -3.0977e-01, -3.9981e-01, -1.4901e-07, -2.0717e-07,
          7.8739e-01,  5.1044e-02,  6.7121e-02, -1.9895e-01],
        [-4.9967e-01,  9.7807e-02,  2.7221e-01, -4.0825e-01,  2.2239e-07,
          3.1221e-02, -7.0422e-01,  4.7413e-03, -5.5514e-02],
        [ 7.8320e-02, -4.7729e-01,  3.1527e-01,  3.3528e-08, -4.0825e-01,
          3.5407e-02,  4.3359e-03, -6.9981e-01, -9.4858e-02],
        [-2.7844e-01, -3.0977e-01, -3.9981e-01, -1.4901e-07, -2.0717e-07,
         -2.1261e-01, -7.1415e-02, -1.1644e-01,  7.7640e-01]]),
    'input_data': tensor([[-0.4280, -0.2769, -0.4733, -0.5340, -0.4280, -0.2769, -0.4733, -0.5340,
         -0.4280, -0.2769, -0.4733, -0.5340, -0.4280, -0.2769, -0.4733, -0.5340,
         -0.4280, -0.2769, -0.4733, -0.5340, -0.4280, -0.2769, -0.4733, -0.5340],
        [ 0.8548,  0.7648, -0.2996, -0.5905,  0.8548,  0.7648, -0.2996, -0.5905,
          0.8548,  0.7648, -0.2996, -0.5905,  0.8548,  0.7648, -0.2996, -0.5905,
          0.8548,  0.7648, -0.2996, -0.5905,  0.8548,  0.7648, -0.2996, -0.5905],
        [ 0.2934,  0.5817, -0.8284, -0.6051,  0.2934,  0.5817, -0.8284, -0.6051,
          0.2934,  0.5817, -0.8284, -0.6051,  0.2934,  0.5817, -0.8284, -0.6051,
          0.2934,  0.5817, -0.8284, -0.6051,  0.2934,  0.5817, -0.8284, -0.6051],
        [-0.4280, -0.2769, -0.4733, -0.5340, -0.4280, -0.2769, -0.4733, -0.5340,
         -0.4280, -0.2769, -0.4733, -0.5340, -0.4280, -0.2769, -0.4733, -0.5340,
         -0.4280, -0.2769, -0.4733, -0.5340, -0.4280, -0.2769, -0.4733, -0.5340],
        [ 0.8548,  0.7648, -0.2996, -0.5905,  0.8548,  0.7648, -0.2996, -0.5905,
          0.8548,  0.7648, -0.2996, -0.5905,  0.8548,  0.7648, -0.2996, -0.5905,
          0.8548,  0.7648, -0.2996, -0.5905,  0.8548,  0.7648, -0.2996, -0.5905],
        [ 0.2934,  0.5817, -0.8284, -0.6051,  0.2934,  0.5817, -0.8284, -0.6051,
          0.2934,  0.5817, -0.8284, -0.6051,  0.2934,  0.5817, -0.8284, -0.6051,
          0.2934,  0.5817, -0.8284, -0.6051,  0.2934,  0.5817, -0.8284, -0.6051],
        [-0.4280, -0.2769, -0.4733, -0.5340, -0.4280, -0.2769, -0.4733, -0.5340,
         -0.4280, -0.2769, -0.4733, -0.5340, -0.4280, -0.2769, -0.4733, -0.5340,
         -0.4280, -0.2769, -0.4733, -0.5340, -0.4280, -0.2769, -0.4733, -0.5340],
        [ 0.8548,  0.7648, -0.2996, -0.5905,  0.8548,  0.7648, -0.2996, -0.5905,
          0.8548,  0.7648, -0.2996, -0.5905,  0.8548,  0.7648, -0.2996, -0.5905,
          0.8548,  0.7648, -0.2996, -0.5905,  0.8548,  0.7648, -0.2996, -0.5905],
        [ 0.2934,  0.5817, -0.8284, -0.6051,  0.2934,  0.5817, -0.8284, -0.6051,
          0.2934,  0.5817, -0.8284, -0.6051,  0.2934,  0.5817, -0.8284, -0.6051,
          0.2934,  0.5817, -0.8284, -0.6051,  0.2934,  0.5817, -0.8284, -0.6051]]),
    'result': tensor([[-4.9967e-01,  9.7807e-02,  2.7220e-01,  8.1650e-01,  7.8063e-09,
         -1.1173e-08,  5.5867e-09,  2.7934e-09,  0.0000e+00],
        [ 7.8320e-02, -4.7729e-01,  3.1526e-01,  2.4959e-07,  8.1650e-01,
          5.8353e-10,  2.4504e-09,  5.7439e-08, -2.1937e-08],
        [-2.7844e-01, -3.0977e-01, -3.9981e-01, -1.1921e-07, -1.9227e-07,
         -5.7477e-01,  2.0371e-02,  4.9319e-02, -5.7746e-01],
        [-4.9967e-01,  9.7807e-02,  2.7221e-01, -4.0825e-01,  2.2984e-07,
         -3.1221e-02,  7.0422e-01, -4.7413e-03,  5.5514e-02],
        [ 7.8320e-02, -4.7729e-01,  3.1527e-01,  3.3528e-08, -4.0825e-01,
         -3.5407e-02, -4.3359e-03,  6.9981e-01,  9.4857e-02],
        [-2.7844e-01, -3.0977e-01, -3.9981e-01, -1.4901e-07, -2.0717e-07,
          7.8739e-01,  5.1044e-02,  6.7121e-02, -1.9895e-01],
        [-4.9967e-01,  9.7807e-02,  2.7221e-01, -4.0825e-01,  2.2239e-07,
          3.1221e-02, -7.0422e-01,  4.7413e-03, -5.5514e-02],
        [ 7.8320e-02, -4.7729e-01,  3.1527e-01,  3.3528e-08, -4.0825e-01,
          3.5407e-02,  4.3359e-03, -6.9981e-01, -9.4858e-02],
        [-2.7844e-01, -3.0977e-01, -3.9981e-01, -1.4901e-07, -2.0717e-07,
         -2.1261e-01, -7.1415e-02, -1.1644e-01,  7.7640e-01]])}
GPU:
{   'PassFlattenCallTempVar1': array([[-0.36870817, -0.09393865, -0.46603547, -0.78214364],
       [ 0.73633296,  0.25945704, -0.29496258, -0.8649248 ],
       [ 0.25270118,  0.19732172, -0.8155655 , -0.8862969 ]]),
    'PassFlattenCallTempVar2': tensor([[-0.4280,  0.8548,  0.2934, -0.4280,  0.8548,  0.2934, -0.4280,  0.8548,
          0.2934],
        [-0.2769,  0.7648,  0.5817, -0.2769,  0.7648,  0.5817, -0.2769,  0.7648,
          0.5817],
        [-0.4733, -0.2996, -0.8284, -0.4733, -0.2996, -0.8284, -0.4733, -0.2996,
         -0.8284],
        [-0.5340, -0.5905, -0.6051, -0.5340, -0.5905, -0.6051, -0.5340, -0.5905,
         -0.6051],
        [-0.4280,  0.8548,  0.2934, -0.4280,  0.8548,  0.2934, -0.4280,  0.8548,
          0.2934],
        [-0.2769,  0.7648,  0.5817, -0.2769,  0.7648,  0.5817, -0.2769,  0.7648,
          0.5817],
        [-0.4733, -0.2996, -0.8284, -0.4733, -0.2996, -0.8284, -0.4733, -0.2996,
         -0.8284],
        [-0.5340, -0.5905, -0.6051, -0.5340, -0.5905, -0.6051, -0.5340, -0.5905,
         -0.6051],
        [-0.4280,  0.8548,  0.2934, -0.4280,  0.8548,  0.2934, -0.4280,  0.8548,
          0.2934],
        [-0.2769,  0.7648,  0.5817, -0.2769,  0.7648,  0.5817, -0.2769,  0.7648,
          0.5817],
        [-0.4733, -0.2996, -0.8284, -0.4733, -0.2996, -0.8284, -0.4733, -0.2996,
         -0.8284],
        [-0.5340, -0.5905, -0.6051, -0.5340, -0.5905, -0.6051, -0.5340, -0.5905,
         -0.6051],
        [-0.4280,  0.8548,  0.2934, -0.4280,  0.8548,  0.2934, -0.4280,  0.8548,
          0.2934],
        [-0.2769,  0.7648,  0.5817, -0.2769,  0.7648,  0.5817, -0.2769,  0.7648,
          0.5817],
        [-0.4733, -0.2996, -0.8284, -0.4733, -0.2996, -0.8284, -0.4733, -0.2996,
         -0.8284],
        [-0.5340, -0.5905, -0.6051, -0.5340, -0.5905, -0.6051, -0.5340, -0.5905,
         -0.6051],
        [-0.4280,  0.8548,  0.2934, -0.4280,  0.8548,  0.2934, -0.4280,  0.8548,
          0.2934],
        [-0.2769,  0.7648,  0.5817, -0.2769,  0.7648,  0.5817, -0.2769,  0.7648,
          0.5817],
        [-0.4733, -0.2996, -0.8284, -0.4733, -0.2996, -0.8284, -0.4733, -0.2996,
         -0.8284],
        [-0.5340, -0.5905, -0.6051, -0.5340, -0.5905, -0.6051, -0.5340, -0.5905,
         -0.6051],
        [-0.4280,  0.8548,  0.2934, -0.4280,  0.8548,  0.2934, -0.4280,  0.8548,
          0.2934],
        [-0.2769,  0.7648,  0.5817, -0.2769,  0.7648,  0.5817, -0.2769,  0.7648,
          0.5817],
        [-0.4733, -0.2996, -0.8284, -0.4733, -0.2996, -0.8284, -0.4733, -0.2996,
         -0.8284],
        [-0.5340, -0.5905, -0.6051, -0.5340, -0.5905, -0.6051, -0.5340, -0.5905,
         -0.6051]], device='cuda:0'),
    'PassFlattenCallTempVar3': tensor([[ 4.6146, -0.7233,  2.5715,  4.6146, -0.7233,  2.5715,  4.6146, -0.7233,
          2.5715],
        [-0.7233, 10.5249,  7.8069, -0.7233, 10.5249,  7.8069, -0.7233, 10.5249,
          7.8069],
        [ 2.5715,  7.8069,  8.8604,  2.5715,  7.8069,  8.8604,  2.5715,  7.8069,
          8.8604],
        [ 4.6146, -0.7233,  2.5715,  4.6146, -0.7233,  2.5715,  4.6146, -0.7233,
          2.5715],
        [-0.7233, 10.5249,  7.8069, -0.7233, 10.5249,  7.8069, -0.7233, 10.5249,
          7.8069],
        [ 2.5715,  7.8069,  8.8604,  2.5715,  7.8069,  8.8604,  2.5715,  7.8069,
          8.8604],
        [ 4.6146, -0.7233,  2.5715,  4.6146, -0.7233,  2.5715,  4.6146, -0.7233,
          2.5715],
        [-0.7233, 10.5249,  7.8069, -0.7233, 10.5249,  7.8069, -0.7233, 10.5249,
          7.8069],
        [ 2.5715,  7.8069,  8.8604,  2.5715,  7.8069,  8.8604,  2.5715,  7.8069,
          8.8604]], device='cuda:0'),
    'PassLogTorchIntermediateTempVar2_input_data': tensor([[-0.3687, -0.0939, -0.4660, -0.7821],
        [ 0.7363,  0.2595, -0.2950, -0.8649],
        [ 0.2527,  0.1973, -0.8156, -0.8863]], device='cuda:0'),
    'PassLogTorchIntermediateTempVar3_input_data': tensor([[-0.4280, -0.2769, -0.4733, -0.5340],
        [ 0.8548,  0.7648, -0.2996, -0.5905],
        [ 0.2934,  0.5817, -0.8284, -0.6051]], device='cuda:0'),
    'PassLogTorchIntermediateTempVar4_input_data': tensor([[-0.4280, -0.2769, -0.4733, -0.5340, -0.4280, -0.2769, -0.4733, -0.5340,
         -0.4280, -0.2769, -0.4733, -0.5340, -0.4280, -0.2769, -0.4733, -0.5340,
         -0.4280, -0.2769, -0.4733, -0.5340, -0.4280, -0.2769, -0.4733, -0.5340],
        [ 0.8548,  0.7648, -0.2996, -0.5905,  0.8548,  0.7648, -0.2996, -0.5905,
          0.8548,  0.7648, -0.2996, -0.5905,  0.8548,  0.7648, -0.2996, -0.5905,
          0.8548,  0.7648, -0.2996, -0.5905,  0.8548,  0.7648, -0.2996, -0.5905],
        [ 0.2934,  0.5817, -0.8284, -0.6051,  0.2934,  0.5817, -0.8284, -0.6051,
          0.2934,  0.5817, -0.8284, -0.6051,  0.2934,  0.5817, -0.8284, -0.6051,
          0.2934,  0.5817, -0.8284, -0.6051,  0.2934,  0.5817, -0.8284, -0.6051],
        [-0.4280, -0.2769, -0.4733, -0.5340, -0.4280, -0.2769, -0.4733, -0.5340,
         -0.4280, -0.2769, -0.4733, -0.5340, -0.4280, -0.2769, -0.4733, -0.5340,
         -0.4280, -0.2769, -0.4733, -0.5340, -0.4280, -0.2769, -0.4733, -0.5340],
        [ 0.8548,  0.7648, -0.2996, -0.5905,  0.8548,  0.7648, -0.2996, -0.5905,
          0.8548,  0.7648, -0.2996, -0.5905,  0.8548,  0.7648, -0.2996, -0.5905,
          0.8548,  0.7648, -0.2996, -0.5905,  0.8548,  0.7648, -0.2996, -0.5905],
        [ 0.2934,  0.5817, -0.8284, -0.6051,  0.2934,  0.5817, -0.8284, -0.6051,
          0.2934,  0.5817, -0.8284, -0.6051,  0.2934,  0.5817, -0.8284, -0.6051,
          0.2934,  0.5817, -0.8284, -0.6051,  0.2934,  0.5817, -0.8284, -0.6051],
        [-0.4280, -0.2769, -0.4733, -0.5340, -0.4280, -0.2769, -0.4733, -0.5340,
         -0.4280, -0.2769, -0.4733, -0.5340, -0.4280, -0.2769, -0.4733, -0.5340,
         -0.4280, -0.2769, -0.4733, -0.5340, -0.4280, -0.2769, -0.4733, -0.5340],
        [ 0.8548,  0.7648, -0.2996, -0.5905,  0.8548,  0.7648, -0.2996, -0.5905,
          0.8548,  0.7648, -0.2996, -0.5905,  0.8548,  0.7648, -0.2996, -0.5905,
          0.8548,  0.7648, -0.2996, -0.5905,  0.8548,  0.7648, -0.2996, -0.5905],
        [ 0.2934,  0.5817, -0.8284, -0.6051,  0.2934,  0.5817, -0.8284, -0.6051,
          0.2934,  0.5817, -0.8284, -0.6051,  0.2934,  0.5817, -0.8284, -0.6051,
          0.2934,  0.5817, -0.8284, -0.6051,  0.2934,  0.5817, -0.8284, -0.6051]],
       device='cuda:0'),
    'PassLogTorchIntermediateTempVar5_PassFlattenCallTempVar2': tensor([[-0.4280,  0.8548,  0.2934, -0.4280,  0.8548,  0.2934, -0.4280,  0.8548,
          0.2934],
        [-0.2769,  0.7648,  0.5817, -0.2769,  0.7648,  0.5817, -0.2769,  0.7648,
          0.5817],
        [-0.4733, -0.2996, -0.8284, -0.4733, -0.2996, -0.8284, -0.4733, -0.2996,
         -0.8284],
        [-0.5340, -0.5905, -0.6051, -0.5340, -0.5905, -0.6051, -0.5340, -0.5905,
         -0.6051],
        [-0.4280,  0.8548,  0.2934, -0.4280,  0.8548,  0.2934, -0.4280,  0.8548,
          0.2934],
        [-0.2769,  0.7648,  0.5817, -0.2769,  0.7648,  0.5817, -0.2769,  0.7648,
          0.5817],
        [-0.4733, -0.2996, -0.8284, -0.4733, -0.2996, -0.8284, -0.4733, -0.2996,
         -0.8284],
        [-0.5340, -0.5905, -0.6051, -0.5340, -0.5905, -0.6051, -0.5340, -0.5905,
         -0.6051],
        [-0.4280,  0.8548,  0.2934, -0.4280,  0.8548,  0.2934, -0.4280,  0.8548,
          0.2934],
        [-0.2769,  0.7648,  0.5817, -0.2769,  0.7648,  0.5817, -0.2769,  0.7648,
          0.5817],
        [-0.4733, -0.2996, -0.8284, -0.4733, -0.2996, -0.8284, -0.4733, -0.2996,
         -0.8284],
        [-0.5340, -0.5905, -0.6051, -0.5340, -0.5905, -0.6051, -0.5340, -0.5905,
         -0.6051],
        [-0.4280,  0.8548,  0.2934, -0.4280,  0.8548,  0.2934, -0.4280,  0.8548,
          0.2934],
        [-0.2769,  0.7648,  0.5817, -0.2769,  0.7648,  0.5817, -0.2769,  0.7648,
          0.5817],
        [-0.4733, -0.2996, -0.8284, -0.4733, -0.2996, -0.8284, -0.4733, -0.2996,
         -0.8284],
        [-0.5340, -0.5905, -0.6051, -0.5340, -0.5905, -0.6051, -0.5340, -0.5905,
         -0.6051],
        [-0.4280,  0.8548,  0.2934, -0.4280,  0.8548,  0.2934, -0.4280,  0.8548,
          0.2934],
        [-0.2769,  0.7648,  0.5817, -0.2769,  0.7648,  0.5817, -0.2769,  0.7648,
          0.5817],
        [-0.4733, -0.2996, -0.8284, -0.4733, -0.2996, -0.8284, -0.4733, -0.2996,
         -0.8284],
        [-0.5340, -0.5905, -0.6051, -0.5340, -0.5905, -0.6051, -0.5340, -0.5905,
         -0.6051],
        [-0.4280,  0.8548,  0.2934, -0.4280,  0.8548,  0.2934, -0.4280,  0.8548,
          0.2934],
        [-0.2769,  0.7648,  0.5817, -0.2769,  0.7648,  0.5817, -0.2769,  0.7648,
          0.5817],
        [-0.4733, -0.2996, -0.8284, -0.4733, -0.2996, -0.8284, -0.4733, -0.2996,
         -0.8284],
        [-0.5340, -0.5905, -0.6051, -0.5340, -0.5905, -0.6051, -0.5340, -0.5905,
         -0.6051]], device='cuda:0'),
    'PassLogTorchIntermediateTempVar6_PassFlattenCallTempVar3': tensor([[ 4.6146, -0.7233,  2.5715,  4.6146, -0.7233,  2.5715,  4.6146, -0.7233,
          2.5715],
        [-0.7233, 10.5249,  7.8069, -0.7233, 10.5249,  7.8069, -0.7233, 10.5249,
          7.8069],
        [ 2.5715,  7.8069,  8.8604,  2.5715,  7.8069,  8.8604,  2.5715,  7.8069,
          8.8604],
        [ 4.6146, -0.7233,  2.5715,  4.6146, -0.7233,  2.5715,  4.6146, -0.7233,
          2.5715],
        [-0.7233, 10.5249,  7.8069, -0.7233, 10.5249,  7.8069, -0.7233, 10.5249,
          7.8069],
        [ 2.5715,  7.8069,  8.8604,  2.5715,  7.8069,  8.8604,  2.5715,  7.8069,
          8.8604],
        [ 4.6146, -0.7233,  2.5715,  4.6146, -0.7233,  2.5715,  4.6146, -0.7233,
          2.5715],
        [-0.7233, 10.5249,  7.8069, -0.7233, 10.5249,  7.8069, -0.7233, 10.5249,
          7.8069],
        [ 2.5715,  7.8069,  8.8604,  2.5715,  7.8069,  8.8604,  2.5715,  7.8069,
          8.8604]], device='cuda:0'),
    'PassLogTorchIntermediateTempVar8_result': tensor([[-4.9967e-01,  9.7807e-02,  2.7220e-01,  8.1650e-01,  1.6997e-07,
          4.4703e-08, -1.7595e-07, -4.3973e-09,  2.8203e-08],
        [ 7.8320e-02, -4.7729e-01,  3.1526e-01,  7.2271e-07,  8.1650e-01,
         -1.0664e-07,  4.3888e-09, -9.5111e-08, -1.8080e-08],
        [-2.7844e-01, -3.0977e-01, -3.9981e-01, -2.5332e-07, -8.3447e-07,
          8.1650e-01, -4.2302e-08, -2.6328e-08,  1.2019e-07],
        [-4.9967e-01,  9.7807e-02,  2.7221e-01, -4.0825e-01,  8.9593e-07,
          2.9802e-08,  7.0711e-01,  1.7079e-09, -2.0039e-08],
        [ 7.8320e-02, -4.7729e-01,  3.1527e-01, -1.1642e-08, -4.0825e-01,
          2.9802e-08,  2.1946e-08,  7.0711e-01, -1.4867e-08],
        [-2.7844e-01, -3.0977e-01, -3.9981e-01, -3.0547e-07, -9.4622e-07,
         -4.0825e-01, -4.4132e-08, -3.8424e-08, -7.0711e-01],
        [-4.9967e-01,  9.7807e-02,  2.7221e-01, -4.0825e-01,  8.7358e-07,
          2.9802e-08, -7.0711e-01,  7.4506e-09,  1.4901e-08],
        [ 7.8320e-02, -4.7729e-01,  3.1527e-01, -1.1642e-08, -4.0825e-01,
          2.9802e-08,  1.5949e-08, -7.0711e-01, -7.4506e-09],
        [-2.7844e-01, -3.0977e-01, -3.9981e-01, -3.0547e-07, -9.4622e-07,
         -4.0825e-01, -1.6764e-08, -2.6077e-08,  7.0711e-01]], device='cuda:0'),
    'input_data': tensor([[-0.4280, -0.2769, -0.4733, -0.5340, -0.4280, -0.2769, -0.4733, -0.5340,
         -0.4280, -0.2769, -0.4733, -0.5340, -0.4280, -0.2769, -0.4733, -0.5340,
         -0.4280, -0.2769, -0.4733, -0.5340, -0.4280, -0.2769, -0.4733, -0.5340],
        [ 0.8548,  0.7648, -0.2996, -0.5905,  0.8548,  0.7648, -0.2996, -0.5905,
          0.8548,  0.7648, -0.2996, -0.5905,  0.8548,  0.7648, -0.2996, -0.5905,
          0.8548,  0.7648, -0.2996, -0.5905,  0.8548,  0.7648, -0.2996, -0.5905],
        [ 0.2934,  0.5817, -0.8284, -0.6051,  0.2934,  0.5817, -0.8284, -0.6051,
          0.2934,  0.5817, -0.8284, -0.6051,  0.2934,  0.5817, -0.8284, -0.6051,
          0.2934,  0.5817, -0.8284, -0.6051,  0.2934,  0.5817, -0.8284, -0.6051],
        [-0.4280, -0.2769, -0.4733, -0.5340, -0.4280, -0.2769, -0.4733, -0.5340,
         -0.4280, -0.2769, -0.4733, -0.5340, -0.4280, -0.2769, -0.4733, -0.5340,
         -0.4280, -0.2769, -0.4733, -0.5340, -0.4280, -0.2769, -0.4733, -0.5340],
        [ 0.8548,  0.7648, -0.2996, -0.5905,  0.8548,  0.7648, -0.2996, -0.5905,
          0.8548,  0.7648, -0.2996, -0.5905,  0.8548,  0.7648, -0.2996, -0.5905,
          0.8548,  0.7648, -0.2996, -0.5905,  0.8548,  0.7648, -0.2996, -0.5905],
        [ 0.2934,  0.5817, -0.8284, -0.6051,  0.2934,  0.5817, -0.8284, -0.6051,
          0.2934,  0.5817, -0.8284, -0.6051,  0.2934,  0.5817, -0.8284, -0.6051,
          0.2934,  0.5817, -0.8284, -0.6051,  0.2934,  0.5817, -0.8284, -0.6051],
        [-0.4280, -0.2769, -0.4733, -0.5340, -0.4280, -0.2769, -0.4733, -0.5340,
         -0.4280, -0.2769, -0.4733, -0.5340, -0.4280, -0.2769, -0.4733, -0.5340,
         -0.4280, -0.2769, -0.4733, -0.5340, -0.4280, -0.2769, -0.4733, -0.5340],
        [ 0.8548,  0.7648, -0.2996, -0.5905,  0.8548,  0.7648, -0.2996, -0.5905,
          0.8548,  0.7648, -0.2996, -0.5905,  0.8548,  0.7648, -0.2996, -0.5905,
          0.8548,  0.7648, -0.2996, -0.5905,  0.8548,  0.7648, -0.2996, -0.5905],
        [ 0.2934,  0.5817, -0.8284, -0.6051,  0.2934,  0.5817, -0.8284, -0.6051,
          0.2934,  0.5817, -0.8284, -0.6051,  0.2934,  0.5817, -0.8284, -0.6051,
          0.2934,  0.5817, -0.8284, -0.6051,  0.2934,  0.5817, -0.8284, -0.6051]],
       device='cuda:0'),
    'result': tensor([[-4.9967e-01,  9.7807e-02,  2.7220e-01,  8.1650e-01,  1.6997e-07,
          4.4703e-08, -1.7595e-07, -4.3973e-09,  2.8203e-08],
        [ 7.8320e-02, -4.7729e-01,  3.1526e-01,  7.2271e-07,  8.1650e-01,
         -1.0664e-07,  4.3888e-09, -9.5111e-08, -1.8080e-08],
        [-2.7844e-01, -3.0977e-01, -3.9981e-01, -2.5332e-07, -8.3447e-07,
          8.1650e-01, -4.2302e-08, -2.6328e-08,  1.2019e-07],
        [-4.9967e-01,  9.7807e-02,  2.7221e-01, -4.0825e-01,  8.9593e-07,
          2.9802e-08,  7.0711e-01,  1.7079e-09, -2.0039e-08],
        [ 7.8320e-02, -4.7729e-01,  3.1527e-01, -1.1642e-08, -4.0825e-01,
          2.9802e-08,  2.1946e-08,  7.0711e-01, -1.4867e-08],
        [-2.7844e-01, -3.0977e-01, -3.9981e-01, -3.0547e-07, -9.4622e-07,
         -4.0825e-01, -4.4132e-08, -3.8424e-08, -7.0711e-01],
        [-4.9967e-01,  9.7807e-02,  2.7221e-01, -4.0825e-01,  8.7358e-07,
          2.9802e-08, -7.0711e-01,  7.4506e-09,  1.4901e-08],
        [ 7.8320e-02, -4.7729e-01,  3.1527e-01, -1.1642e-08, -4.0825e-01,
          2.9802e-08,  1.5949e-08, -7.0711e-01, -7.4506e-09],
        [-2.7844e-01, -3.0977e-01, -3.9981e-01, -3.0547e-07, -9.4622e-07,
         -4.0825e-01, -1.6764e-08, -2.6077e-08,  7.0711e-01]], device='cuda:0')}
